# timestamp tx ty tz qx qy qz qw
1305031102.175304 -0.0180913 -0.00106225 0.0125876 0.000180524 0.00427392 -0.705929 0.708269
1305031102.211214 -0.0122002 0.00707104 -0.0153993 0.0164272 0.000928042 -0.707195 0.706827
1305031102.275326 -0.0100413 0.00845212 -0.0280662 0.0214621 -0.000736272 -0.70754 0.706347
1305031102.311267 -0.00900744 0.0087383 -0.0409717 0.0246476 -0.00118832 -0.708937 0.70484
1305031102.343233 -0.00877213 0.00932 -0.0532538 0.0277202 -0.00116253 -0.709108 0.704554
1305031102.375329 -0.012277 0.00723383 -0.0655547 0.0301235 -0.000338755 -0.708126 0.705443
1305031102.411258 -0.0185518 0.00870676 -0.078342 0.0356151 -0.000192021 -0.708268 0.705045
1305031102.443271 -0.0116215 0.00959314 -0.0902578 0.0433297 -0.00548385 -0.707961 0.7049
1305031102.475318 -0.011038 0.0119864 -0.102715 0.0464344 -0.00912616 -0.707019 0.70561
1305031102.511219 -0.000327604 0.0144803 -0.13094 0.050904 -0.0163148 -0.704818 0.707371
1305031102.575286 0.000945063 0.0117056 -0.144443 0.0466875 -0.0165489 -0.705227 0.707249
1305031102.611233 -0.00832039 0.00562572 -0.167395 0.0441597 -0.0158579 -0.706689 0.705966
1305031102.675285 -0.00500164 0.0030356 -0.179778 0.0447173 -0.0174956 -0.707047 0.705535
1305031102.711263 -0.0115265 0.00547724 -0.192972 0.0453053 -0.0165024 -0.70819 0.704374
1305031102.743234 -0.00983589 0.0101035 -0.206657 0.0466271 -0.0186832 -0.707722 0.704703
1305031102.775472 -0.0134688 0.00598947 -0.218864 0.0438422 -0.0215491 -0.706571 0.705954
1305031102.811232 -0.0107899 0.0060709 -0.233907 0.0435961 -0.0255954 -0.706324 0.706081
1305031102.843290 -0.0130725 -0.00135239 -0.245695 0.0394713 -0.0279397 -0.703904 0.708647
1305031102.875363 -0.0180135 -0.0042669 -0.258352 0.036999 -0.0280726 -0.703281 0.709393
1305031102.911185 -0.0222042 -0.0160615 -0.280073 0.0388488 -0.0260649 -0.701701 0.710934
1305031102.975203 -0.0208655 -0.0119472 -0.292494 0.0449789 -0.0230386 -0.703297 0.709097
1305031103.011215 -0.0248848 -0.00953439 -0.304837 0.0492618 -0.0193501 -0.705083 0.707147
1305031103.043227 -0.0234987 -0.00240662 -0.315778 0.0522901 -0.0167619 -0.706567 0.705512
1305031103.075319 -0.0356915 -0.00157145 -0.324171 0.0494774 -0.0139386 -0.707771 0.704569
1305031103.111240 -0.0324747 -0.00205139 -0.334151 0.0512501 -0.0163009 -0.708412 0.703748
1305031103.143318 -0.0378569 0.00256397 -0.342176 0.0514603 -0.0156885 -0.709374 0.702776
1305031103.175452 -0.0420487 -0.0019927 -0.361642 0.0566136 -0.0231593 -0.711731 0.699784
1305031103.243216 -0.0361985 -0.00739986 -0.366766 0.063353 -0.0295579 -0.713538 0.69712
1305031103.275370 -0.0254914 -0.00107831 -0.373022 0.0750906 -0.0282339 -0.71308 0.696478
1305031103.311210 -0.0251524 0.00966877 -0.376665 0.0798353 -0.024356 -0.712078 0.697122
1305031103.343223 -0.0206904 0.0116581 -0.378326 0.0822609 -0.0275421 -0.713582 0.69518
1305031103.375327 -0.0152892 0.0092505 -0.376296 0.0831322 -0.0301769 -0.714433 0.694092
1305031103.411260 -0.0117472 0.00933621 -0.373291 0.085477 -0.0291907 -0.714165 0.694125
1305031103.443280 -0.0105872 0.00991401 -0.368507 0.0864639 -0.0268832 -0.712635 0.695668
1305031103.475274 -0.00719343 0.00900683 -0.360532 0.0860148 -0.0251978 -0.710875 0.697584
1305031103.511333 -0.00611155 0.00953128 -0.353919 0.0845289 -0.0215637 -0.710222 0.698552
1305031103.543444 -0.00614236 0.0114531 -0.341061 0.0834011 -0.0176329 -0.710688 0.698324
1305031103.575474 -0.00421775 0.0129502 -0.332232 0.0845027 -0.0138314 -0.711754 0.69719
1305031103.611223 -0.00452923 0.0150398 -0.320567 0.0852633 -0.00857005 -0.712602 0.696316
1305031103.643445 -0.00111693 0.0195683 -0.305863 0.0865795 -0.00502327 -0.712706 0.696081
1305031103.675523 -0.000619621 0.0210289 -0.293253 0.0857642 -0.00229002 -0.712718 0.696184
1305031103.711610 0.0021273 0.023175 -0.28028 0.0846249 -0.000294158 -0.712309 0.696746
1305031103.743326 0.00229012 0.023732 -0.265261 0.0828572 0.00197955 -0.7101 0.699205
1305031103.775342 0.00108651 0.0221632 -0.250599 0.0815788 0.00138099 -0.708162 0.70132
1305031103.811242 0.000680244 0.0142036 -0.233636 0.0815466 -0.00190694 -0.705681 0.703819
1305031103.843251 0.0154844 0.0156798 -0.221898 0.0903528 -0.00544723 -0.703518 0.70489
1305031103.875361 0.020391 0.0149587 -0.207924 0.0924515 -0.00283422 -0.701892 0.706252
1305031103.911221 0.0210501 0.018227 -0.191005 0.0936302 0.00120349 -0.701626 0.706366
1305031103.943211 0.0250339 0.0220243 -0.175885 0.0949608 0.00419143 -0.70073 0.707066
1305031103.975373 0.0294455 0.0258609 -0.162711 0.0936846 0.00719367 -0.700736 0.707206
1305031104.011232 0.0253041 0.0283572 -0.147691 0.0863068 0.0117448 -0.699847 0.708962
1305031104.043249 0.0225498 0.0289652 -0.134332 0.0806164 0.0121701 -0.698465 0.710985
1305031104.075425 0.0281676 0.0310515 -0.121722 0.0760508 0.0101399 -0.697899 0.712075
1305031104.111235 0.0298632 0.0261468 -0.105203 0.0678747 0.00869947 -0.697526 0.713285
1305031104.143230 0.0277247 0.0193912 -0.089341 0.0603327 0.00916365 -0.6959 0.715541
1305031104.175424 0.0296465 0.0188978 -0.0770373 0.055882 0.0103995 -0.696211 0.715584
1305031104.211283 0.0291501 0.0178714 -0.0637219 0.050335 0.0124403 -0.696432 0.715747
1305031104.243196 0.0288764 0.0189703 -0.0525347 0.0457503 0.0144021 -0.696063 0.716377
1305031104.275546 0.0290729 0.0200357 -0.0402563 0.0410805 0.0151132 -0.69628 0.716434
1305031104.311219 0.0289145 0.0222794 -0.028662 0.036376 0.015011 -0.696607 0.716373
1305031104.343342 0.0284741 0.0183597 -0.0138102 0.0301762 0.0124552 -0.696177 0.717128
1305031104.375837 0.0282247 0.0138025 -0.0012215 0.0254354 0.0100824 -0.696587 0.71695
1305031104.411509 0.029157 0.00758287 0.00981398 0.023147 0.00823302 -0.696903 0.716744
1305031104.443288 0.0272326 0.00252672 0.0187133 0.0228222 0.00915432 -0.696883 0.716764
1305031104.475456 0.0320974 0.00104536 0.027861 0.0245976 0.0106811 -0.697842 0.71575
1305031104.511329 0.0365819 0.0036014 0.0393696 0.0248433 0.0142277 -0.69865 0.714891
1305031104.543368 0.0440968 0.0147072 0.0451951 0.0253857 0.0180423 -0.700027 0.713437
1305031104.575343 0.0565213 0.0280016 0.049441 0.0201863 0.0220416 -0.702451 0.711104
1305031104.611336 0.0539862 0.0289558 0.0659004 0.00463142 0.0256868 -0.701971 0.711727
1305031104.643243 0.0586125 0.0308741 0.0733637 -0.00889196 0.0279973 -0.702323 0.711252
1305031104.675525 0.0677125 0.0282514 0.0843251 -0.0237435 0.0302988 -0.703168 0.709981
1305031104.711277 0.0642555 0.0337418 0.0928904 -0.0385603 0.0368681 -0.704207 0.707987
1305031104.743280 0.0615397 0.0290342 0.105277 -0.0551289 0.0401558 -0.704642 0.706277
1305031104.775327 0.0638286 0.0383059 0.108621 -0.0654089 0.0442571 -0.706428 0.703366
1305031104.811465 0.0589211 0.0334191 0.115728 -0.0790648 0.0453825 -0.70664 0.701676
1305031104.843258 0.0548103 0.0295229 0.121117 -0.0862227 0.0469894 -0.707783 0.699572
1305031104.875350 0.0542889 0.033428 0.1241 -0.0877322 0.0481346 -0.709359 0.697707
1305031104.911534 0.0502915 0.0311491 0.120774 -0.0897455 0.0483696 -0.70936 0.697434
1305031104.943262 0.0432952 0.0302799 0.120229 -0.0891948 0.0488915 -0.709934 0.696884
1305031104.975202 0.0376158 0.0312834 0.113217 -0.085308 0.0465289 -0.710941 0.696506
1305031105.011290 0.0306438 0.0313597 0.10675 -0.0809043 0.0434845 -0.710311 0.697869
1305031105.043373 0.0276948 0.0276639 0.0968786 -0.0759367 0.0384675 -0.709291 0.699757
1305031105.075320 0.0278191 0.0218625 0.0867622 -0.0717333 0.0335506 -0.708414 0.70134
1305031105.111299 0.0151602 0.018229 0.075939 -0.0665385 0.0319999 -0.707394 0.702952
1305031105.143106 0.00151103 0.00631366 0.0653094 -0.0594033 0.0250909 -0.704858 0.706412
1305031105.175159 0.0117958 0.00546614 0.0487687 -0.0445097 0.0173297 -0.704386 0.708209
1305031105.211268 0.00339506 -0.00183949 0.0362413 -0.036794 0.0158091 -0.702875 0.710185
1305031105.243270 -0.000436691 -0.00672682 0.022775 -0.0256563 0.0129413 -0.701892 0.711704
1305031105.275288 0.00219511 -0.00860099 0.00864441 -0.0124209 0.0104165 -0.70175 0.712238
1305031105.311290 0.00867367 -0.00709243 -0.0107063 0.000435271 0.00854117 -0.701824 0.712299
1305031105.343302 0.00908845 -0.00704711 -0.0252702 0.00686929 0.00966268 -0.701909 0.712168
1305031105.375338 0.00228595 -0.00813299 -0.0377301 0.01282 0.0100141 -0.701244 0.712736
1305031105.411286 0.00796231 -0.00535232 -0.0551386 0.0224459 0.00787241 -0.701119 0.712647
1305031105.443316 0.00935377 -0.00492874 -0.0689205 0.0277657 0.00756489 -0.700885 0.712693
1305031105.475280 0.00948565 0.000843231 -0.084284 0.0346094 0.00697694 -0.701672 0.711625
1305031105.511332 0.015796 0.00166128 -0.0980432 0.0394364 0.00321067 -0.702552 0.710531
1305031105.543282 0.014534 -0.000326325 -0.112975 0.0414753 0.00202092 -0.702308 0.710661
1305031105.575449 0.0176477 0.00166547 -0.128182 0.0445164 0.00065373 -0.70259 0.710201
1305031105.611378 0.0171367 0.00213197 -0.144761 0.0455974 0.000597782 -0.704771 0.707968
1305031105.643273 0.0231376 0.0100947 -0.173831 0.0478389 -0.00158611 -0.705351 0.707241
1305031105.711309 0.0139086 0.00852531 -0.189131 0.0423734 -0.00189506 -0.705539 0.7074
1305031105.743312 0.0191278 0.00903622 -0.20314 0.040801 -0.00679057 -0.705727 0.707275
1305031105.775339 0.0169988 0.00794305 -0.218881 0.0361657 -0.00903846 -0.706477 0.706753
1305031105.811283 0.0123167 0.0122178 -0.234176 0.0330938 -0.00884885 -0.707485 0.705898
1305031105.843271 0.00732566 0.00700081 -0.246957 0.0277899 -0.0127385 -0.708807 0.70474
1305031105.875337 0.00582429 0.00285597 -0.261338 0.0261349 -0.0181349 -0.711408 0.702059
1305031105.911262 -0.000895505 0.000512325 -0.274043 0.0242832 -0.0213294 -0.713272 0.700141
1305031105.943272 -0.00191143 -0.0028123 -0.286458 0.0251137 -0.0262827 -0.714024 0.699177
1305031105.975329 -0.000657226 -0.00114871 -0.299157 0.027608 -0.0306852 -0.715836 0.697048
1305031106.011285 -0.00352814 -0.00631174 -0.310513 0.0274122 -0.0354538 -0.716047 0.696612
1305031106.043355 -0.00379461 -0.00660071 -0.322931 0.0300237 -0.0384065 -0.716935 0.695433
1305031106.075330 -0.00771264 -0.00829915 -0.334207 0.0323142 -0.0411961 -0.717505 0.694583
1305031106.111327 -0.00372033 -0.0126461 -0.346327 0.0373308 -0.0461599 -0.718378 0.693115
1305031106.143355 -0.000464527 -0.0131003 -0.357194 0.0417593 -0.0483483 -0.719084 0.691981
1305031106.175534 0.00521145 -0.00912712 -0.366152 0.0468764 -0.0493451 -0.71994 0.690691
1305031106.211275 -0.00653635 0.000398306 -0.371326 0.0502083 -0.0431823 -0.723924 0.686694
1305031106.243267 -0.0086315 0.000903608 -0.37806 0.052805 -0.0442281 -0.72603 0.684205
1305031106.276385 -0.0136594 -0.0018557 -0.382129 0.0548084 -0.0465202 -0.725926 0.684005
1305031106.311238 -0.00254069 0.00368488 -0.385585 0.0641268 -0.0527615 -0.719888 0.689104
1305031106.343258 0.00849255 0.00267905 -0.387443 0.0665706 -0.0607071 -0.716091 0.692168
1305031106.375388 0.0128783 -0.00937783 -0.385833 0.0631173 -0.0663833 -0.712284 0.695889
1305031106.411320 0.0151441 -0.0133198 -0.381489 0.0629344 -0.0669805 -0.71122 0.696936
1305031106.443278 0.0162838 -0.014467 -0.375318 0.063267 -0.0640908 -0.710926 0.697477
1305031106.475345 0.0176797 -0.00830522 -0.366263 0.0654856 -0.0590413 -0.710786 0.69786
1305031106.511129 0.0165211 -0.00445447 -0.35493 0.0655393 -0.0549232 -0.710419 0.698565
1305031106.543302 0.0124905 -0.00688398 -0.3442 0.0652996 -0.0525184 -0.708291 0.700929
1305031106.575282 0.0208638 -0.00785326 -0.333157 0.0679634 -0.0528262 -0.706203 0.702757
1305031106.611151 0.0131355 -0.0112599 -0.320575 0.0657691 -0.0484368 -0.706059 0.703426
1305031106.643207 0.0174833 -0.00969244 -0.307212 0.0711161 -0.0463253 -0.705301 0.703809
1305031106.675279 0.018504 -0.00607745 -0.292619 0.0751891 -0.0407536 -0.705755 0.703274
1305031106.711508 0.0201757 -0.00152288 -0.277056 0.0795097 -0.0359335 -0.705488 0.703331
1305031106.743341 0.0157546 0.00189301 -0.261082 0.0819014 -0.0316934 -0.705126 0.703623
1305031106.775390 0.0255415 0.00336532 -0.246099 0.0868889 -0.0307114 -0.703852 0.704343
1305031106.811289 0.027318 0.00743235 -0.230278 0.0860716 -0.0250188 -0.701559 0.706951
1305031106.843416 0.0184689 0.00558845 -0.211986 0.0811161 -0.0215301 -0.698921 0.710257
1305031106.875905 0.0246266 0.00615704 -0.196873 0.0810309 -0.0214975 -0.696043 0.713089
1305031106.911243 0.0292211 0.00798317 -0.180937 0.0772621 -0.0190771 -0.694457 0.71512
1305031106.943439 0.0188913 0.00261176 -0.158134 0.0679581 -0.0154427 -0.691796 0.718722
1305031106.975547 0.0226434 -0.000144614 -0.141764 0.0662999 -0.0178893 -0.689839 0.720699
1305031107.011576 0.0277565 -0.00458163 -0.124278 0.0624851 -0.0169088 -0.689694 0.721202
1305031107.043281 0.0236328 -0.00165026 -0.106238 0.0596912 -0.011336 -0.689435 0.721795
1305031107.075432 0.02107 -0.000482224 -0.0902367 0.0576897 -0.00991301 -0.689429 0.721984
1305031107.111229 0.0279628 0.00297002 -0.0810069 0.0572907 -0.00969366 -0.689228 0.722211
1305031107.143260 0.0323753 0.00427285 -0.066948 0.0520411 -0.00738652 -0.688146 0.723665
1305031107.175399 0.0303847 0.00537559 -0.050432 0.0451887 -0.00484097 -0.688258 0.724041
1305031107.211358 0.0329636 0.00591616 -0.0381298 0.0390563 -0.00352491 -0.688572 0.724107
1305031107.243378 0.0357306 0.00643509 -0.0275734 0.0315267 -0.000868419 -0.687784 0.72523
1305031107.275398 0.041779 0.0103307 -0.0155781 0.0222497 0.00378374 -0.688072 0.725292
1305031107.311226 0.0359399 0.0145336 -0.00130763 0.0120289 0.0082107 -0.688951 0.724662
1305031107.343509 0.0380629 0.0177169 0.00414751 0.00499155 0.00935776 -0.688797 0.724877
1305031107.375413 0.0340943 0.016091 0.014668 -0.00397548 0.0100561 -0.688213 0.725428
1305031107.411271 0.0324051 0.0142579 0.0181558 -0.0111158 0.0084996 -0.688362 0.725232
1305031107.443419 0.0267806 0.0172057 0.0204207 -0.0150268 0.00839867 -0.688803 0.724744
1305031107.475377 0.0255812 0.0196289 0.0211242 -0.0155227 0.00504106 -0.69047 0.723177
1305031107.511352 0.0320664 0.0231891 0.0183814 -0.01518 0.00276007 -0.692548 0.721207
1305031107.543605 0.0213829 0.0226406 0.0188189 -0.0189772 0.00353292 -0.693463 0.720234
1305031107.575454 0.0221384 0.025247 0.0168171 -0.016723 0.00026645 -0.694502 0.719296
1305031107.611271 0.0208984 0.023261 0.0152826 -0.0169907 -0.00107346 -0.694714 0.719084
1305031107.643323 0.0161682 0.0238138 0.0122066 -0.0161398 -0.00104297 -0.695384 0.718456
1305031107.675568 0.0126068 0.0187232 0.0116769 -0.0142156 -0.0031436 -0.695674 0.71821
1305031107.711307 0.0127734 0.0153927 0.0105184 -0.0110808 -0.00394009 -0.69424 0.719648
1305031107.743538 0.00921675 0.0164082 0.00799479 -0.00852942 -0.0035046 -0.694248 0.719676
1305031107.775802 0.00854232 0.0184004 0.00658428 -0.00615113 -0.00483451 -0.694019 0.719914
1305031107.811596 0.0117539 0.0256062 0.00154322 -0.00475457 -0.00587952 -0.691743 0.722104
1305031107.843332 0.0118679 0.0310851 -0.00141836 -0.00681674 -0.00673681 -0.690236 0.72352
1305031107.875358 0.0137095 0.0355873 -0.00299805 -0.0103223 -0.00841127 -0.689712 0.723961
1305031107.911541 0.0156858 0.04482 -0.00636373 -0.0136736 -0.00924002 -0.689866 0.723749
1305031107.943122 0.0143425 0.0564352 -0.0095233 -0.0186421 -0.0089255 -0.68894 0.724523
1305031107.975807 0.00842658 0.0705621 -0.0139017 -0.0255512 -0.010154 -0.690116 0.723177
1305031108.011320 0.0144413 0.0771744 -0.0178263 -0.0321902 -0.0175526 -0.693865 0.719171
1305031108.043418 0.0142815 0.083103 -0.0253523 -0.038602 -0.0199463 -0.693553 0.719094
1305031108.075352 0.0078056 0.0968541 -0.0308696 -0.0427324 -0.0191699 -0.694437 0.718028
1305031108.111378 0.00385418 0.10292 -0.0324969 -0.0453865 -0.0232395 -0.69578 0.716443
1305031108.143334 0.00498614 0.115126 -0.0397545 -0.0425629 -0.0273928 -0.695216 0.717017
1305031108.176058 0.01091 0.139046 -0.0446978 -0.040604 -0.0287816 -0.694521 0.717749
1305031108.211475 0.00533269 0.148258 -0.0501919 -0.0443163 -0.0307365 -0.694427 0.717539
1305031108.243347 -0.0013785 0.148496 -0.0579358 -0.0455965 -0.0349669 -0.694842 0.716863
1305031108.275358 -0.00952673 0.158795 -0.045871 -0.040743 -0.0396704 -0.699981 0.711894
1305031108.311332 -0.00613609 0.171402 -0.0501868 -0.0341274 -0.0408438 -0.704692 0.707514
1305031108.343278 -0.00662036 0.185936 -0.053498 -0.030219 -0.0418218 -0.709307 0.703008
1305031108.375410 0.000776394 0.195069 -0.0611456 -0.0278895 -0.0453002 -0.714101 0.698019
1305031108.411361 0.00950314 0.214165 -0.0649235 -0.0276575 -0.0469774 -0.716752 0.695194
1305031108.443610 0.0136312 0.220135 -0.0711674 -0.0357755 -0.0513849 -0.71549 0.695811
1305031108.475471 0.00321212 0.235789 -0.0765221 -0.0420418 -0.0498606 -0.713831 0.697274
1305031108.511378 0.000887478 0.247616 -0.0832148 -0.0463824 -0.0534128 -0.713511 0.697064
1305031108.543737 -0.00228014 0.260929 -0.0913143 -0.0500137 -0.0556693 -0.714953 0.695156
1305031108.575414 -0.00847806 0.28123 -0.0926301 -0.0523406 -0.0564438 -0.719047 0.690686
1305031108.611407 -0.00150871 0.288057 -0.105894 -0.0544359 -0.0652757 -0.721777 0.686887
1305031108.643303 0.00586649 0.283219 -0.109403 -0.0573378 -0.0747186 -0.719844 0.687717
1305031108.675375 0.00192477 0.295519 -0.114081 -0.0595882 -0.0752472 -0.722018 0.685184
1305031108.711411 0.00865863 0.295738 -0.119869 -0.0603166 -0.0804595 -0.724485 0.681916
1305031108.743502 0.0156757 0.298485 -0.11783 -0.0606894 -0.0799862 -0.729095 0.677008
1305031108.775493 0.0311985 0.293868 -0.107874 -0.0600073 -0.0695953 -0.736885 0.669744
1305031108.811244 0.0196058 0.300791 -0.0933993 -0.0587174 -0.0586798 -0.736828 0.670965
1305031108.843264 0.0208794 0.306872 -0.0889653 -0.0538665 -0.0548108 -0.737006 0.671503
1305031108.943243 0.0201633 0.296432 -0.0860306 -0.0540993 -0.0549517 -0.734668 0.67403
1305031108.975268 0.00785543 0.285209 -0.0796594 -0.0543809 -0.0542629 -0.730765 0.678292
1305031109.011269 0.00503913 0.277811 -0.0814078 -0.0508114 -0.0557638 -0.728568 0.680807
1305031109.043277 0.0121388 0.241541 -0.0823367 -0.0518662 -0.0635764 -0.724163 0.684731
1305031109.075410 0.00243057 0.231052 -0.0758517 -0.0489582 -0.0574663 -0.723355 0.686337
1305031109.111282 -0.00917705 0.232478 -0.0655736 -0.0419582 -0.0523471 -0.726339 0.684055
1305031109.143334 -0.00297577 0.221363 -0.0649876 -0.0336927 -0.0573287 -0.730561 0.679603
1305031109.175464 0.00957011 0.197986 -0.062418 -0.0290806 -0.0605462 -0.732282 0.677681
1305031109.211379 0.00417408 0.184598 -0.0613162 -0.0253207 -0.0516638 -0.733605 0.677137
1305031109.243290 -0.00288866 0.172915 -0.0470434 -0.0175852 -0.045819 -0.733286 0.678147
1305031109.275308 0.000968841 0.169483 -0.0430258 -0.00695248 -0.039949 -0.733852 0.678098
1305031109.311329 -0.00439733 0.161285 -0.0427472 -0.0012055 -0.0341013 -0.731698 0.680774
1305031109.343248 -0.00884492 0.148761 -0.0355005 0.00438243 -0.0329484 -0.728379 0.684367
1305031109.375397 -0.00492687 0.137218 -0.0347568 0.00968496 -0.0339843 -0.725394 0.687426
1305031109.411329 -0.0011645 0.124298 -0.0388262 0.0118575 -0.0336308 -0.722939 0.689991
1305031109.443302 -0.00360336 0.112393 -0.0335275 0.0113134 -0.0303567 -0.721421 0.691739
1305031109.475363 -0.00773923 0.100976 -0.0313394 0.011255 -0.0286686 -0.721472 0.691759
1305031109.511273 -0.00823393 0.0833049 -0.0287117 0.0118345 -0.0290567 -0.719438 0.693847
1305031109.543294 -0.00576616 0.0826074 -0.0287343 0.0172957 -0.0269357 -0.720138 0.693092
1305031109.575362 -0.00476061 0.0716694 -0.0259299 0.020833 -0.0280649 -0.721621 0.691405
1305031109.611310 -0.0110409 0.0563154 -0.0269538 0.0235985 -0.0271049 -0.721105 0.691893
1305031109.643229 -0.0106792 0.046415 -0.0291774 0.0300819 -0.0278953 -0.72092 0.691803
1305031109.675263 -0.00787256 0.03629 -0.0297169 0.0344014 -0.0290531 -0.720892 0.691583
1305031109.711312 -0.0138605 0.0198402 -0.0305744 0.0348311 -0.0293165 -0.719614 0.69288
1305031109.743274 -0.0136385 0.00740387 -0.0318842 0.0395305 -0.0299764 -0.719166 0.693065
1305031109.775277 -0.0135371 -0.0114406 -0.0334337 0.0435622 -0.0315785 -0.717686 0.694285
1305031109.811371 -0.0127289 -0.0237507 -0.0389087 0.0485933 -0.0279189 -0.71413 0.697766
1305031109.843296 -0.0215939 -0.0326966 -0.0421053 0.0515002 -0.024191 -0.711417 0.700463
1305031109.875306 -0.0187366 -0.0464108 -0.0463083 0.0562411 -0.026186 -0.707598 0.703886
1305031109.911265 -0.0170427 -0.059142 -0.0503792 0.0599766 -0.0262261 -0.702826 0.708343
1305031109.943299 -0.0154119 -0.0775233 -0.0515944 0.0610821 -0.0286888 -0.697444 0.713455
1305031109.975258 -0.0175755 -0.0905891 -0.0549961 0.0622626 -0.029109 -0.693615 0.71706
1305031110.011256 -0.0139969 -0.10757 -0.0582784 0.0659612 -0.0324798 -0.689669 0.720383
1305031110.043299 -0.00451374 -0.117227 -0.0640867 0.071774 -0.0319894 -0.687049 0.72235
1305031110.075319 -0.00791297 -0.12921 -0.0645565 0.0747239 -0.0304686 -0.686089 0.723028
1305031110.111325 -0.00376719 -0.137688 -0.0701958 0.0805762 -0.0307454 -0.685204 0.723228
1305031110.143432 0.00123031 -0.152705 -0.073061 0.0835403 -0.0298656 -0.685126 0.723002
1305031110.175641 0.00332106 -0.15535 -0.0786905 0.0870757 -0.0246801 -0.684927 0.722969
1305031110.211637 -0.00572912 -0.168675 -0.0787435 0.084279 -0.0181524 -0.683302 0.725028
1305031110.243323 -0.000107334 -0.184887 -0.0804118 0.0872103 -0.0173758 -0.68239 0.725559
1305031110.279321 -0.00197875 -0.189312 -0.0856446 0.090966 -0.0102196 -0.680227 0.727264
1305031110.311404 -0.00263458 -0.208412 -0.0849965 0.0933192 -0.00770022 -0.677778 0.72928
1305031110.343355 -0.00896153 -0.220074 -0.0917156 0.0982366 -0.00426319 -0.674352 0.731834
1305031110.379281 -0.00637735 -0.220501 -0.104975 0.107549 0.00180191 -0.671086 0.733535
1305031110.411469 -0.00963858 -0.246424 -0.0971744 0.114641 0.0114632 -0.663769 0.739011
1305031110.443260 -0.00754949 -0.254134 -0.100641 0.122013 0.0127421 -0.659574 0.741561
1305031110.479331 0.000303331 -0.260725 -0.112273 0.128054 0.0118369 -0.656562 0.743229
1305031110.511429 0.00215309 -0.269465 -0.116766 0.127863 0.0148834 -0.654178 0.745306
1305031110.543408 -0.00175663 -0.276585 -0.115226 0.128941 0.0171628 -0.652155 0.746842
1305031110.579426 0.00349423 -0.28578 -0.118875 0.132213 0.0145048 -0.651056 0.747286
1305031110.611307 0.00447531 -0.287501 -0.122395 0.133884 0.0168606 -0.649506 0.748286
1305031110.643418 0.00355292 -0.290652 -0.125849 0.134912 0.0182901 -0.648887 0.748606
1305031110.679606 0.00615944 -0.297793 -0.122577 0.134581 0.0168466 -0.647058 0.75028
1305031110.711412 0.00842746 -0.297558 -0.127283 0.137897 0.0176461 -0.645639 0.750882
1305031110.743249 0.00688357 -0.29635 -0.131322 0.13894 0.0196703 -0.64556 0.750707
1305031110.779193 0.00632778 -0.294313 -0.135382 0.140675 0.0204465 -0.644988 0.750855
1305031110.811386 0.00632537 -0.290077 -0.134321 0.141952 0.0219592 -0.644453 0.751031
1305031110.843218 0.000313935 -0.284532 -0.130849 0.139948 0.0226987 -0.643079 0.752562
1305031110.879313 -0.00504764 -0.277799 -0.133834 0.136491 0.0206577 -0.642761 0.753526
1305031110.911333 -0.00851312 -0.270933 -0.130986 0.132718 0.0175935 -0.645945 0.751552
1305031110.943862 -0.00878398 -0.264955 -0.127308 0.132999 0.0133201 -0.648488 0.749398
1305031110.979345 -0.00843426 -0.255155 -0.126623 0.132892 0.0107919 -0.650646 0.747585
1305031111.011431 -0.0105777 -0.249325 -0.124692 0.128817 0.0102041 -0.651374 0.747672
1305031111.043327 -0.0178413 -0.238161 -0.122839 0.123058 0.011167 -0.651514 0.748506
1305031111.079283 -0.0169551 -0.229341 -0.113107 0.117398 0.00499973 -0.654799 0.746613
1305031111.111508 -0.00968818 -0.219875 -0.110763 0.117738 0.00142744 -0.656351 0.745211
1305031111.143257 -0.0142707 -0.2042 -0.111945 0.113788 0.00537819 -0.657559 0.744742
1305031111.179326 -0.0199732 -0.19878 -0.0993878 0.107265 0.00285324 -0.661086 0.742598
1305031111.211433 -0.0118711 -0.185323 -0.0956512 0.115624 2.43308e-05 -0.662439 0.740139
1305031111.243236 -0.00965596 -0.168554 -0.104014 0.117024 0.00269609 -0.66412 0.738405
1305031111.279308 -0.0134186 -0.161268 -0.0963671 0.113756 0.0059233 -0.664845 0.738245
1305031111.311547 -0.0180813 -0.140479 -0.103763 0.117652 0.0127019 -0.66047 0.741469
1305031111.343397 -0.0194874 -0.115868 -0.10859 0.113085 0.0134322 -0.66143 0.741311
1305031111.379134 -0.0217279 -0.116258 -0.102514 0.0997387 0.00624217 -0.662582 0.742293
1305031111.411296 -0.00124344 -0.0807225 -0.0870998 0.10453 0.00270268 -0.665035 0.739455
1305031111.443386 -0.018418 -0.0738278 -0.0824651 0.09022 0.00161667 -0.669917 0.736932
1305031111.479259 -0.00752866 -0.0736663 -0.0771293 0.088645 -0.008912 -0.675241 0.732197
1305031111.511264 0.00343688 -0.0394737 -0.0801543 0.0944605 -0.00455254 -0.681439 0.725739
1305031111.543250 -0.00664779 -0.0213667 -0.069835 0.0853234 -0.00427817 -0.688374 0.720307
1305031111.579237 -0.00914952 -0.00892438 -0.0750414 0.0786898 -0.00902454 -0.688984 0.720436
1305031111.611271 -0.00939741 0.0319469 -0.0839306 0.0750132 -0.00660442 -0.69216 0.717805
1305031111.643395 -0.00946374 0.0272041 -0.0752145 0.0553784 -0.0224679 -0.69587 0.715677
1305031111.679320 -0.00390529 0.0332519 -0.0735598 0.0435032 -0.0330497 -0.696316 0.715653
1305031111.711760 -0.00687542 0.039711 -0.0712433 0.032483 -0.0382946 -0.698172 0.714166
1305031111.743386 -0.0130741 0.0410308 -0.0758767 0.0245105 -0.0435323 -0.700622 0.711782
1305031111.779423 -0.0068445 0.0454232 -0.0770897 0.0235943 -0.0451509 -0.703924 0.708446
1305031111.811406 -0.00909327 0.0620129 -0.0775571 0.0247149 -0.0397253 -0.710497 0.702143
1305031111.843299 -0.00587575 0.0986173 -0.0791857 0.0286657 -0.0359141 -0.716594 0.695975
1305031111.879442 -0.00106164 0.108085 -0.076737 0.0221062 -0.0415508 -0.715112 0.697424
1305031111.911354 0.0110294 0.12856 -0.0699432 0.0189217 -0.0462755 -0.714894 0.697443
1305031111.943300 0.00364369 0.142048 -0.0724359 0.00816867 -0.0506962 -0.714026 0.698233
1305031111.979449 -0.00905656 0.132405 -0.0773129 -0.00768475 -0.0560077 -0.708709 0.703232
1305031112.011433 -0.014494 0.158108 -0.0762033 -0.00933521 -0.0552831 -0.704936 0.707051
1305031112.043270 -0.0153465 0.158204 -0.0803371 -0.0190578 -0.0681837 -0.701477 0.709167
1305031112.079339 -0.0144333 0.15466 -0.0892304 -0.0301151 -0.0782781 -0.696296 0.712838
1305031112.111423 -0.0198771 0.174631 -0.0774159 -0.0498962 -0.079213 -0.690563 0.717188
1305031112.144342 -0.0128689 0.18506 -0.0882666 -0.0533423 -0.0784759 -0.689184 0.718346
1305031112.179390 -0.0161721 0.193119 -0.0901893 -0.0593586 -0.0737941 -0.690362 0.717239
1305031112.211254 -0.0172003 0.204788 -0.0910686 -0.0615005 -0.0695978 -0.693058 0.714874
1305031112.243369 -0.0152004 0.220277 -0.0922668 -0.0602319 -0.0656559 -0.696479 0.712024
1305031112.279353 -0.0138204 0.237428 -0.0954716 -0.0608593 -0.0615836 -0.701615 0.707276
1305031112.311312 -0.00538239 0.254509 -0.0955685 -0.0583058 -0.0572656 -0.708447 0.701017
1305031112.343323 -0.000453675 0.261932 -0.0986409 -0.0575539 -0.0540832 -0.71325 0.696446
1305031112.379360 0.00182342 0.27348 -0.0990607 -0.0565696 -0.0498885 -0.716079 0.693932
1305031112.411442 0.0018857 0.283042 -0.098202 -0.0563826 -0.0456219 -0.719839 0.690342
1305031112.443391 0.00139308 0.311251 -0.0919388 -0.0541838 -0.0392194 -0.7267 0.683691
1305031112.479418 0.00573069 0.31886 -0.0980188 -0.0564483 -0.0449118 -0.731235 0.678301
1305031112.511504 0.00647813 0.305233 -0.110523 -0.0628881 -0.0555206 -0.730291 0.677966
1305031112.543212 0.00814521 0.311705 -0.10096 -0.0631803 -0.0583386 -0.731683 0.676198
1305031112.579252 -0.00697881 0.295696 -0.103371 -0.0692369 -0.0721072 -0.733021 0.67282
1305031112.611261 0.000945079 0.276449 -0.108497 -0.0686117 -0.0789914 -0.73148 0.673788
1305031112.643246 -0.00839814 0.281036 -0.101831 -0.0635406 -0.073724 -0.731088 0.675305
1305031112.679952 -0.00548441 0.285176 -0.099912 -0.0575286 -0.073003 -0.733747 0.673035
1305031112.711251 0.00160829 0.264769 -0.102259 -0.0540846 -0.0786111 -0.733083 0.673413
1305031112.743245 0.00368985 0.256971 -0.105455 -0.0494468 -0.0769725 -0.733194 0.673838
1305031112.779310 0.000286764 0.256246 -0.0961665 -0.043981 -0.0724282 -0.731496 0.67656
1305031112.811310 -0.00265366 0.256003 -0.0907342 -0.0400318 -0.0693069 -0.732187 0.676384
1305031112.843286 -0.00466427 0.243582 -0.0904124 -0.0370447 -0.0725151 -0.729839 0.678752
1305031112.879421 0.00709561 0.231265 -0.0894401 -0.0329066 -0.074358 -0.727793 0.68096
1305031112.911411 -0.00248256 0.227417 -0.0833987 -0.0317469 -0.0658298 -0.726403 0.683372
1305031112.943321 -0.010391 0.216871 -0.0802603 -0.0292308 -0.0652658 -0.724886 0.685147
1305031112.979278 -0.00273133 0.204935 -0.079068 -0.0252978 -0.066863 -0.726654 0.683274
1305031113.011353 -0.00673983 0.191505 -0.0764324 -0.0246232 -0.0605084 -0.728095 0.682357
1305031113.043231 -0.00891099 0.182336 -0.0709366 -0.01794 -0.056749 -0.72893 0.681996
1305031113.079251 -0.00203416 0.169114 -0.0705115 -0.0118926 -0.0561555 -0.730267 0.680747
1305031113.111316 0.0081159 0.155499 -0.07022 -0.00799997 -0.0497557 -0.733432 0.677892
1305031113.143306 -0.00148616 0.144186 -0.0525644 -0.00446683 -0.0363777 -0.732799 0.679457
1305031113.179343 -0.00511093 0.13034 -0.0520745 0.002697 -0.0319211 -0.732024 0.680525
1305031113.211259 0.0130645 0.121234 -0.0615117 0.0134915 -0.0299669 -0.732721 0.679735
1305031113.243227 -0.00573842 0.103111 -0.0529081 0.0122364 -0.0202672 -0.728049 0.685116
1305031113.279312 -0.0058281 0.0812256 -0.0531215 0.0185879 -0.0204876 -0.724647 0.688565
1305031113.311452 0.00263592 0.0701413 -0.0575009 0.0291699 -0.019677 -0.723334 0.689602
1305031113.343252 0.00401504 0.0528811 -0.0580377 0.034545 -0.0171353 -0.720787 0.692083
1305031113.379312 -0.000542395 0.0391406 -0.0592785 0.0371726 -0.012951 -0.717029 0.695931
1305031113.411625 0.00418696 0.0269028 -0.0615921 0.0431694 -0.0137517 -0.714237 0.698436
1305031113.443266 0.00445882 0.0175109 -0.0639413 0.0464298 -0.0143138 -0.711783 0.700717
1305031113.479311 0.00669577 0.00598188 -0.0644538 0.0481189 -0.0152664 -0.709842 0.70255
1305031113.511523 0.00545006 -0.00661811 -0.0667684 0.0476517 -0.0146654 -0.706188 0.706267
1305031113.543242 0.00550159 -0.0185295 -0.0659681 0.0458138 -0.0156236 -0.702679 0.709859
1305031113.579301 0.00867323 -0.0349091 -0.0673722 0.0434773 -0.0175539 -0.699521 0.713073
1305031113.611268 0.00635084 -0.0454195 -0.0697281 0.0423851 -0.0162185 -0.698829 0.713848
1305031113.643222 0.00530697 -0.0605252 -0.0701042 0.0407317 -0.0183438 -0.696191 0.716465
1305031113.679288 0.0132741 -0.0817313 -0.0700163 0.0391623 -0.0201607 -0.692248 0.720314
1305031113.711931 0.00703286 -0.094992 -0.0698298 0.036312 -0.0159541 -0.691826 0.720974
1305031113.743590 0.0109805 -0.106145 -0.0702251 0.0342573 -0.0158728 -0.690026 0.7228
1305031113.779320 0.0121125 -0.123869 -0.068954 0.0297975 -0.0154954 -0.686715 0.726151
1305031113.811237 0.00828641 -0.142694 -0.0692515 0.0247369 -0.0131956 -0.682459 0.730386
1305031113.843295 0.00932413 -0.164691 -0.0681304 0.0241251 -0.0114486 -0.68101 0.731787
1305031113.879281 0.011692 -0.177277 -0.069876 0.0269779 -0.00614509 -0.680506 0.73222
1305031113.911290 0.00572057 -0.183488 -0.0760838 0.0299087 0.00269918 -0.679291 0.733254
1305031113.943291 0.00863268 -0.198166 -0.0812751 0.0328712 0.00546069 -0.676435 0.735749
1305031113.979293 0.0110042 -0.20375 -0.0892587 0.0346589 0.0100655 -0.675908 0.736102
1305031114.011257 0.00216035 -0.220514 -0.087733 0.0307609 0.012882 -0.673465 0.738466
1305031114.043301 0.00347469 -0.233146 -0.0932186 0.0341391 0.0143431 -0.670744 0.740764
1305031114.079285 0.00765119 -0.24826 -0.092021 0.0380624 0.0177344 -0.669604 0.74153
1305031114.111263 0.00481026 -0.258666 -0.101565 0.0436947 0.023932 -0.668415 0.742118
1305031114.143284 0.00699957 -0.263008 -0.114573 0.0497222 0.0276242 -0.666974 0.742906
1305031114.179337 0.0075625 -0.270376 -0.118119 0.0499462 0.0310893 -0.662375 0.746859
1305031114.211303 0.0124762 -0.284729 -0.118657 0.050376 0.0315682 -0.659998 0.748912
1305031114.243337 0.0144526 -0.29534 -0.12 0.0534913 0.0343474 -0.658866 0.749569
1305031114.279390 0.0197823 -0.304547 -0.124639 0.0591826 0.0385671 -0.657273 0.750335
1305031114.311429 0.0195621 -0.31113 -0.131779 0.0644424 0.0440623 -0.65528 0.751341
1305031114.343331 0.0217828 -0.313468 -0.141205 0.0702204 0.0446241 -0.655999 0.750162
1305031114.379320 0.0196677 -0.318606 -0.147873 0.0712375 0.0445043 -0.658655 0.747742
1305031114.411397 0.0196991 -0.326489 -0.14694 0.0733534 0.0425665 -0.660189 0.746296
1305031114.443345 0.0259696 -0.33121 -0.148062 0.0795017 0.0398707 -0.660481 0.745556
1305031114.479332 0.024199 -0.332728 -0.154915 0.0847668 0.0441418 -0.659127 0.745934
1305031114.511266 0.0236267 -0.326216 -0.166743 0.0896477 0.048607 -0.659117 0.745094
1305031114.543236 0.027563 -0.328805 -0.170796 0.0903413 0.0513827 -0.654988 0.748457
1305031114.579237 0.0279497 -0.3298 -0.166587 0.0892761 0.0532646 -0.653781 0.749509
1305031114.611391 0.0298293 -0.330642 -0.160192 0.0898611 0.0518774 -0.653975 0.749367
1305031114.644136 0.0290072 -0.325649 -0.165002 0.0905882 0.0539654 -0.651651 0.751154
1305031114.679251 0.0227186 -0.323873 -0.163935 0.0898528 0.0547252 -0.651704 0.751142
1305031114.711306 0.0227166 -0.322372 -0.159781 0.0904854 0.0537572 -0.651 0.751745
1305031114.743200 0.0211329 -0.314606 -0.161368 0.0920469 0.0524292 -0.649699 0.752774
1305031114.779289 0.0166981 -0.309517 -0.158878 0.0910628 0.0506478 -0.648739 0.753843
1305031114.811303 0.0135711 -0.303801 -0.1551 0.0923532 0.0470075 -0.648022 0.754539
1305031114.843208 0.0129314 -0.29031 -0.15992 0.094283 0.0442599 -0.647892 0.754578
1305031114.879281 0.0075027 -0.28469 -0.154258 0.0913123 0.0416587 -0.646883 0.755956
1305031114.912879 0.00284209 -0.26682 -0.156612 0.0913715 0.038472 -0.647819 0.755316
1305031114.943234 0.00526186 -0.255201 -0.151758 0.0879916 0.0303431 -0.651187 0.753188
1305031114.979280 0.00420689 -0.248173 -0.14874 0.0868359 0.0260581 -0.652228 0.752582
1305031115.011300 0.00239267 -0.231097 -0.155288 0.0859595 0.0255838 -0.654485 0.750737
1305031115.043508 -0.00127731 -0.218114 -0.154447 0.0790787 0.0255738 -0.657187 0.749131
1305031115.079238 2.00497e-05 -0.203806 -0.147178 0.079044 0.022486 -0.660951 0.745916
1305031115.111230 0.0120051 -0.16969 -0.149237 0.0836676 0.0195391 -0.665876 0.741099
1305031115.143275 -0.00469722 -0.159762 -0.143614 0.070961 0.0186243 -0.669144 0.739502
1305031115.179440 -0.00665222 -0.159217 -0.146813 0.0704031 0.00921452 -0.673777 0.735516
1305031115.211374 0.00292112 -0.135297 -0.1517 0.0832485 0.00845125 -0.675465 0.732629
1305031115.243297 -0.000155846 -0.11177 -0.153135 0.0879734 0.00897731 -0.679453 0.72837
1305031115.279966 0.00302128 -0.0924079 -0.151736 0.0926926 0.00500194 -0.683581 0.723947
1305031115.311704 0.00919912 -0.0478387 -0.154943 0.101537 0.00574793 -0.688317 0.718246
1305031115.343235 -0.0135017 -0.036519 -0.1591 0.0845152 0.00249846 -0.692348 0.716593
1305031115.379166 0.00562226 -0.0257448 -0.150406 0.0808107 -0.0121048 -0.697041 0.71236
1305031115.411237 0.00456221 -0.0128634 -0.149625 0.0750655 -0.0160025 -0.700483 0.70953
1305031115.443159 0.00480115 -0.00271537 -0.148525 0.0679918 -0.0207482 -0.705781 0.704854
1305031115.479241 0.00394447 0.00798992 -0.149498 0.0637588 -0.0224222 -0.713611 0.697275
1305031115.511253 0.00128605 0.030482 -0.144495 0.0638399 -0.0205684 -0.719902 0.690827
1305031115.543604 0.00820179 0.062802 -0.142207 0.0641893 -0.023108 -0.725748 0.684569
1305031115.579315 0.00856499 0.0670788 -0.142696 0.0531066 -0.0306599 -0.730307 0.680362
1305031115.611424 0.00503114 0.0789029 -0.134573 0.045162 -0.0361925 -0.736011 0.674491
1305031115.643254 0.0125523 0.092874 -0.138162 0.0407403 -0.0456845 -0.740687 0.669056
1305031115.679241 0.0156688 0.0973777 -0.141006 0.0344799 -0.0501324 -0.744736 0.66458
1305031115.711320 0.010327 0.111143 -0.1349 0.0289445 -0.0497775 -0.747936 0.661268
1305031115.743250 0.012201 0.125321 -0.138501 0.0255641 -0.053874 -0.751693 0.656812
1305031115.779425 0.0111473 0.12951 -0.131262 0.0203406 -0.0599096 -0.755168 0.652471
1305031115.811277 0.0150833 0.154719 -0.130221 0.0195258 -0.0643877 -0.756622 0.650381
1305031115.843224 -0.000411407 0.172991 -0.136437 0.00929147 -0.0673414 -0.758532 0.64808
1305031115.879198 -0.0117689 0.172384 -0.145019 -0.00112867 -0.0766012 -0.760296 0.645044
1305031115.911118 0.000863933 0.181628 -0.155139 -0.000817422 -0.0900492 -0.761954 0.64134
1305031115.943311 0.0069865 0.178672 -0.163089 -0.0057138 -0.102284 -0.762023 0.639395
1305031115.980740 0.00935673 0.18608 -0.169535 -0.00793272 -0.107856 -0.763344 0.636875
1305031116.011379 0.0138084 0.184942 -0.173115 -0.0106208 -0.11782 -0.76395 0.634339
1305031116.043164 0.027341 0.196199 -0.179478 -0.0103186 -0.124835 -0.76538 0.631271
1305031116.080030 0.032599 0.208982 -0.176893 -0.0138317 -0.130286 -0.766489 0.628752
1305031116.111300 0.0195057 0.198074 -0.186216 -0.0273056 -0.139026 -0.767196 0.625569
1305031116.143441 0.0407492 0.207787 -0.188736 -0.0236852 -0.145924 -0.768513 0.622521
1305031116.179572 0.0380053 0.21261 -0.191623 -0.0299243 -0.143598 -0.768099 0.623305
1305031116.211299 0.0245799 0.215286 -0.190332 -0.038354 -0.13884 -0.770917 0.620434
1305031116.243320 0.0266741 0.219646 -0.187306 -0.0378074 -0.140065 -0.776603 0.613058
1305031116.279385 0.0347274 0.210976 -0.189848 -0.0385691 -0.144857 -0.778072 0.610027
1305031116.311336 0.032941 0.215088 -0.18167 -0.0379791 -0.141283 -0.776851 0.612454
1305031116.343292 0.0251134 0.203786 -0.181691 -0.0421442 -0.141229 -0.773216 0.616778
1305031116.379384 0.0283055 0.203342 -0.172557 -0.0372131 -0.13975 -0.772801 0.617951
1305031116.411333 0.0354626 0.177896 -0.171334 -0.0347433 -0.143776 -0.769341 0.621478
1305031116.443369 0.0260848 0.167768 -0.163472 -0.031623 -0.136889 -0.764427 0.629216
1305031116.479850 0.0118447 0.154382 -0.162024 -0.0308303 -0.130623 -0.759811 0.63614
1305031116.511205 0.00901958 0.14923 -0.158173 -0.0251985 -0.125666 -0.753844 0.644432
1305031116.543262 -0.00186728 0.134251 -0.151407 -0.0231526 -0.122947 -0.747437 0.652447
1305031116.579313 -0.00574812 0.140786 -0.144737 -0.0129725 -0.11549 -0.742189 0.660038
1305031116.611261 -0.0118961 0.120864 -0.138722 -0.0125581 -0.113281 -0.737101 0.666102
1305031116.643355 -0.0241762 0.109641 -0.137628 -0.00891175 -0.102303 -0.732294 0.673201
1305031116.679281 -0.0233034 0.106337 -0.137377 0.00270169 -0.0942318 -0.730446 0.676433
1305031116.711634 -0.0254271 0.0777651 -0.135101 0.00631972 -0.0901123 -0.72632 0.681395
1305031116.743291 -0.0233789 0.0513697 -0.126217 0.0155877 -0.0856561 -0.722322 0.686055
1305031116.779298 -0.0187859 0.035416 -0.130198 0.0250471 -0.0795487 -0.714962 0.694172
1305031116.811318 -0.0174727 0.0249481 -0.126484 0.0341645 -0.0705681 -0.708633 0.701207
1305031116.846089 -0.0247045 0.0191251 -0.128858 0.0432337 -0.0604125 -0.706179 0.704125
1305031116.880165 -0.0311904 -0.00227923 -0.121734 0.0477661 -0.0559746 -0.701979 0.708386
1305031116.912044 -0.0301728 -0.0128872 -0.121984 0.0579722 -0.0503155 -0.701768 0.708258
1305031116.943296 -0.036732 -0.022652 -0.12309 0.0647615 -0.0434472 -0.699797 0.710073
1305031116.979351 -0.0330991 -0.0254977 -0.123584 0.0753835 -0.0390365 -0.696117 0.712892
1305031117.011382 -0.0327098 -0.0233811 -0.132656 0.0836194 -0.0330997 -0.693267 0.715048
1305031117.043261 -0.0384431 -0.0229658 -0.136793 0.0872121 -0.0313955 -0.691952 0.715968
1305031117.079520 -0.0343168 -0.0246636 -0.138076 0.0906393 -0.0350663 -0.688103 0.719075
1305031117.111238 -0.0266052 -0.0281601 -0.13956 0.0934016 -0.0401929 -0.687179 0.719337
1305031117.143218 -0.0200758 -0.0302737 -0.13982 0.0955613 -0.0421599 -0.686218 0.719858
1305031117.179264 -0.0161255 -0.0316983 -0.139239 0.0952039 -0.0418773 -0.685987 0.720141
1305031117.211361 -0.0141179 -0.0355162 -0.138548 0.0939677 -0.0400934 -0.686327 0.720082
1305031117.243277 -0.013318 -0.031882 -0.139649 0.0934735 -0.0355814 -0.687301 0.719454
1305031117.279299 -0.00321764 -0.0317951 -0.135977 0.0944696 -0.0353425 -0.688556 0.718134
1305031117.311200 0.00403627 -0.0310018 -0.133943 0.0939505 -0.0322805 -0.689897 0.717059
1305031117.343243 0.00549676 -0.0331117 -0.133417 0.0899426 -0.0282254 -0.690457 0.717205
1305031117.379454 0.0133781 -0.0326322 -0.133941 0.0900687 -0.0255401 -0.689477 0.718232
1305031117.411221 0.0179327 -0.0324569 -0.13512 0.0901851 -0.0230939 -0.690322 0.717487
1305031117.443274 0.0257883 -0.0276902 -0.139456 0.0920457 -0.0194293 -0.691999 0.715743
1305031117.479403 0.0330033 -0.0304225 -0.139034 0.0929418 -0.0184197 -0.691986 0.715666
1305031117.511325 0.0431176 -0.0232507 -0.143117 0.0971386 -0.0157657 -0.694145 0.713077
1305031117.544285 0.0515968 -0.0247402 -0.14528 0.0975511 -0.0142724 -0.695848 0.71139
1305031117.579155 0.0581277 -0.0230904 -0.148232 0.0990512 -0.011789 -0.697502 0.709606
1305031117.611159 0.0710758 -0.0193462 -0.155658 0.102623 -0.010989 -0.699369 0.70727
1305031117.643252 0.0823948 -0.0138674 -0.157415 0.102211 -0.0091483 -0.700353 0.706382
1305031117.679262 0.0904029 -0.0149516 -0.160974 0.0989363 -0.0103638 -0.700418 0.706767
1305031117.711184 0.103811 -0.0181631 -0.163464 0.0972758 -0.0123535 -0.699982 0.707396
1305031117.743184 0.11283 -0.0176476 -0.163805 0.0956274 -0.0130139 -0.700129 0.707464
1305031117.779467 0.11811 -0.022106 -0.169841 0.0936539 -0.014836 -0.699639 0.708176
1305031117.811320 0.135061 -0.0196557 -0.17481 0.0964452 -0.0166945 -0.699769 0.707632
1305031117.843291 0.145377 -0.0167745 -0.177391 0.0955428 -0.0163633 -0.700033 0.707501
1305031117.879451 0.152341 -0.0140139 -0.185473 0.0948496 -0.0158369 -0.699166 0.708463
1305031117.911407 0.166079 -0.01164 -0.19006 0.0928999 -0.0185937 -0.699282 0.708539
1305031117.943253 0.179512 -0.0194277 -0.18815 0.0880575 -0.0233299 -0.697394 0.710875
1305031117.979228 0.191766 -0.0179315 -0.192377 0.0866378 -0.0246545 -0.696122 0.71225
1305031118.011228 0.200402 -0.0256044 -0.192151 0.0809337 -0.0255479 -0.696963 0.712068
1305031118.043521 0.211502 -0.0284481 -0.191957 0.0793305 -0.0239723 -0.696386 0.712866
1305031118.079334 0.225255 -0.0256167 -0.19396 0.0779914 -0.0220925 -0.695955 0.713496
1305031118.111217 0.220669 -0.0238319 -0.2088 0.072883 -0.0140993 -0.697987 0.712253
1305031118.143256 0.226085 -0.0148517 -0.220987 0.0714173 -0.00978881 -0.698115 0.712347
1305031118.179323 0.227696 -0.0228941 -0.222967 0.0647957 -0.00874665 -0.697765 0.713337
1305031118.211202 0.22912 -0.0214949 -0.224506 0.0637817 -0.00491793 -0.697902 0.713331
1305031118.243173 0.2186 -0.0192539 -0.233771 0.061911 -0.000971896 -0.701503 0.709971
1305031118.279194 0.212951 -0.0234681 -0.218559 0.0574191 0.00242549 -0.702951 0.708913
1305031118.311299 0.209106 -0.0243339 -0.217605 0.0570092 0.00110381 -0.702132 0.70976
1305031118.343324 0.206795 -0.0174518 -0.22058 0.0591413 0.000921916 -0.702443 0.709278
1305031118.379208 0.20066 -0.0196032 -0.219148 0.056733 -0.0012461 -0.700552 0.711342
1305031118.411296 0.193797 -0.0241311 -0.216038 0.0548005 -0.00434545 -0.69883 0.713172
1305031118.445692 0.189236 -0.0259722 -0.211308 0.0560228 -0.00792805 -0.697664 0.714187
1305031118.479285 0.188208 -0.0212049 -0.213665 0.0590972 -0.00790888 -0.695698 0.715856
1305031118.511255 0.181433 -0.0218575 -0.210398 0.0600624 -0.00572258 -0.695998 0.715504
1305031118.544414 0.157839 -0.0146855 -0.213551 0.0638299 -0.000810641 -0.697221 0.714009
1305031118.579285 0.16317 -0.0123372 -0.207351 0.0703258 -0.00437679 -0.695116 0.715436
1305031118.616142 0.155673 -0.00806142 -0.204362 0.0691156 -0.00178239 -0.695144 0.715538
1305031118.645325 0.131144 -0.0150077 -0.197444 0.0628991 -0.00202089 -0.693396 0.717803
1305031118.679295 0.134875 -0.00815299 -0.189359 0.0684837 -0.00578949 -0.691211 0.719378
1305031118.711421 0.118992 -0.00993057 -0.185534 0.0657592 -0.00538165 -0.689897 0.720894
1305031118.746770 0.101947 -0.0200094 -0.177717 0.062123 -0.00794088 -0.686319 0.724599
1305031118.779277 0.0954006 -0.0200189 -0.173853 0.0663137 -0.0109415 -0.684708 0.725712
1305031118.811221 0.0892276 -0.0284201 -0.166979 0.0666789 -0.0143107 -0.683031 0.727198
1305031118.846753 0.0768389 -0.028826 -0.161533 0.0686731 -0.0125344 -0.683386 0.726712
1305031118.879208 0.0668119 -0.0303379 -0.157992 0.0713298 -0.0106352 -0.68384 0.726059
1305031118.911177 0.0531149 -0.0336607 -0.150822 0.0726491 -0.00856764 -0.684324 0.725499
1305031118.946974 0.0456241 -0.0322615 -0.147732 0.0760845 -0.00557517 -0.683857 0.725617
1305031118.979374 0.0341213 -0.029171 -0.1412 0.076706 -0.00195629 -0.685222 0.724281
1305031119.011363 0.022125 -0.0316145 -0.136528 0.076487 -0.000832417 -0.685564 0.723982
1305031119.047172 0.0110656 -0.0309095 -0.133719 0.077289 0.000472919 -0.685465 0.723992
1305031119.079223 0.00119761 -0.0317886 -0.128961 0.0778754 0.000449281 -0.687811 0.7217
1305031119.111328 -0.00398679 -0.0332944 -0.126104 0.0794588 0.000839882 -0.689205 0.720196
1305031119.147616 -0.0199338 -0.036501 -0.123073 0.0788106 0.00329401 -0.689093 0.720367
1305031119.179226 -0.0309551 -0.0284828 -0.123426 0.0810729 0.00482807 -0.689848 0.719384
1305031119.211364 -0.0419839 -0.033979 -0.121642 0.0779747 0.0022187 -0.688974 0.720576
1305031119.247399 -0.0543986 -0.0396343 -0.116659 0.0741111 0.00122005 -0.68831 0.72162
1305031119.279212 -0.0674665 -0.0447513 -0.113315 0.0726633 -0.000977277 -0.688909 0.721196
1305031119.311212 -0.0763147 -0.0464515 -0.110085 0.0737026 -0.00241247 -0.689261 0.72075
1305031119.347741 -0.101931 -0.0454374 -0.111963 0.0711855 -0.000289938 -0.689689 0.720598
1305031119.379239 -0.107512 -0.0491079 -0.110916 0.0725406 -0.00568541 -0.689397 0.72072
1305031119.411484 -0.12296 -0.0503705 -0.109433 0.0729808 -0.00697714 -0.690652 0.719462
1305031119.447706 -0.129569 -0.0478305 -0.104092 0.0762202 -0.0118319 -0.689738 0.719939
1305031119.479267 -0.14601 -0.0501345 -0.10972 0.0743808 -0.0167454 -0.690659 0.719151
1305031119.511240 -0.146456 -0.0595707 -0.108275 0.0756808 -0.0250887 -0.692701 0.716804
1305031119.547382 -0.156609 -0.0588397 -0.110707 0.0787971 -0.0256165 -0.694921 0.714297
1305031119.579559 -0.166702 -0.0553644 -0.114446 0.0809907 -0.0253464 -0.696839 0.71219
1305031119.615017 -0.180136 -0.0572059 -0.112359 0.0799148 -0.0273226 -0.699357 0.709765
1305031119.647903 -0.183046 -0.0598678 -0.108539 0.0795719 -0.0313992 -0.700005 0.708996
1305031119.679208 -0.200514 -0.0564067 -0.110774 0.0773726 -0.0290596 -0.701242 0.708117
1305031119.715232 -0.20558 -0.0572233 -0.109646 0.0795397 -0.0342543 -0.701104 0.70778
1305031119.747193 -0.215184 -0.0591359 -0.111563 0.0771808 -0.0361106 -0.699113 0.709915
1305031119.779169 -0.228719 -0.0663924 -0.106939 0.0741021 -0.042216 -0.700284 0.708752
1305031119.814537 -0.217701 -0.0678037 -0.0957812 0.0844506 -0.0519973 -0.703123 0.704118
1305031119.847429 -0.220769 -0.0673506 -0.0951334 0.086642 -0.0513403 -0.70396 0.703063
1305031119.879214 -0.220213 -0.0704386 -0.0971074 0.0864052 -0.0527215 -0.703945 0.703005
1305031119.911401 -0.220257 -0.0678689 -0.0980231 0.0845117 -0.0506275 -0.705967 0.70136
1305031119.947392 -0.216485 -0.0695312 -0.0969148 0.0809688 -0.0480466 -0.70607 0.701856
1305031119.979537 -0.209313 -0.0725035 -0.095749 0.0787839 -0.0472413 -0.704175 0.704059
1305031120.015264 -0.202261 -0.0725884 -0.0947939 0.0765323 -0.0457962 -0.70332 0.705256
1305031120.047290 -0.191206 -0.0705846 -0.0956373 0.0765796 -0.0444317 -0.702104 0.706549
1305031120.079418 -0.180771 -0.0665874 -0.0974591 0.0762552 -0.0419058 -0.701719 0.70712
1305031120.115232 -0.167628 -0.0654452 -0.10146 0.0766231 -0.0411982 -0.700831 0.708002
1305031120.148157 -0.147258 -0.0598188 -0.102767 0.0769975 -0.0380686 -0.701964 0.707014
1305031120.179246 -0.142912 -0.0615714 -0.102386 0.0715949 -0.0325112 -0.701936 0.707886
1305031120.215249 -0.124071 -0.0591951 -0.106668 0.072791 -0.0319733 -0.701831 0.707893
1305031120.248003 -0.112557 -0.0587574 -0.107575 0.0699099 -0.0268824 -0.704302 0.705938
1305031120.279430 -0.108128 -0.0554829 -0.109842 0.0671035 -0.0186029 -0.706397 0.704382
1305031120.315196 -0.100597 -0.0515709 -0.114127 0.0685031 -0.0130187 -0.709245 0.701505
1305031120.347787 -0.0804078 -0.0423202 -0.120907 0.0743488 -0.00879963 -0.711382 0.698806
1305031120.379437 -0.0793068 -0.0421615 -0.122694 0.0703641 -0.00178074 -0.71154 0.699111
1305031120.415445 -0.0716866 -0.0388441 -0.125008 0.0701854 0.00136235 -0.712629 0.69802
1305031120.447417 -0.0623409 -0.037377 -0.127612 0.0694743 0.00333338 -0.713037 0.697668
1305031120.479432 -0.0495994 -0.0384614 -0.132972 0.070756 0.00440036 -0.712649 0.69793
1305031120.514819 -0.0370085 -0.032213 -0.136555 0.0727058 0.00768323 -0.713705 0.69662
1305031120.547736 -0.0317449 -0.03468 -0.138811 0.069446 0.00954747 -0.71284 0.697815
1305031120.579551 -0.0212734 -0.0297749 -0.144295 0.0724082 0.0108427 -0.711921 0.698433
1305031120.615236 -0.0118365 -0.0275343 -0.14834 0.0705709 0.012854 -0.710562 0.699969
1305031120.647354 -0.008172 -0.0285628 -0.153937 0.0677032 0.0138779 -0.70965 0.701157
1305031120.679318 0.00265065 -0.0274119 -0.154714 0.0676917 0.0136289 -0.708124 0.702704
1305031120.714522 0.0125531 -0.0262565 -0.157263 0.0677161 0.0143197 -0.706736 0.704084
1305031120.747369 0.0267486 -0.0246986 -0.157777 0.0684435 0.015054 -0.706011 0.704725
1305031120.779894 0.0261173 -0.0269731 -0.162624 0.0654192 0.0171248 -0.705407 0.705569
1305031120.814944 0.0420769 -0.0251547 -0.1664 0.0674298 0.0178502 -0.705042 0.705727
1305031120.847921 0.044423 -0.0234519 -0.169724 0.0655429 0.0223634 -0.7053 0.705518
1305031120.883435 0.0549204 -0.0244568 -0.170814 0.0647729 0.0231573 -0.704712 0.706151
1305031120.915444 0.0640068 -0.0224218 -0.174637 0.0650785 0.025853 -0.704791 0.705951
1305031120.947488 0.0734687 -0.0182094 -0.179496 0.0641804 0.0280446 -0.704961 0.705779
1305031120.983366 0.0783952 -0.0221281 -0.177529 0.0604372 0.0282996 -0.704816 0.706245
1305031121.015019 0.090778 -0.0231697 -0.180737 0.0618762 0.0282124 -0.705627 0.705313
1305031121.047498 0.100508 -0.0211436 -0.185732 0.0607746 0.0304547 -0.706137 0.704804
1305031121.083099 0.112143 -0.0243264 -0.180689 0.060197 0.0307756 -0.706817 0.704158
1305031121.114696 0.12141 -0.0179461 -0.190881 0.0613849 0.0341974 -0.708186 0.70252
1305031121.147331 0.126867 -0.0205367 -0.194206 0.0564498 0.0366427 -0.706709 0.704296
1305031121.183271 0.132062 -0.0178208 -0.197049 0.0556162 0.0383293 -0.708067 0.702908
1305031121.211420 0.148287 -0.0121701 -0.200932 0.05615 0.0378395 -0.71014 0.700797
1305031121.247194 0.148474 -0.0232036 -0.200445 0.0488266 0.0383488 -0.709767 0.701695
1305031121.282876 0.149103 -0.0236642 -0.203381 0.0482646 0.0389363 -0.710309 0.701153
1305031121.313568 0.164283 -0.0204169 -0.208135 0.0502438 0.0366001 -0.710373 0.701075
1305031121.347517 0.172995 -0.0202963 -0.212544 0.0487404 0.0357462 -0.709823 0.701782
1305031121.383226 0.175801 -0.0209058 -0.211811 0.044087 0.0341179 -0.70801 0.703999
1305031121.414318 0.184265 -0.0225541 -0.213967 0.0434326 0.0301453 -0.707552 0.704681
1305031121.447319 0.193085 -0.0280493 -0.215037 0.0427161 0.0280417 -0.708358 0.704001
1305031121.482964 0.20015 -0.0261232 -0.215258 0.0443842 0.0268084 -0.708708 0.703594
1305031121.514107 0.205407 -0.0255165 -0.218619 0.044833 0.0262013 -0.710146 0.702136
1305031121.547270 0.213338 -0.0292053 -0.219672 0.0452449 0.0227164 -0.711324 0.701038
1305031121.583204 0.213852 -0.0311156 -0.220255 0.0442516 0.0213806 -0.713112 0.699325
1305031121.614700 0.21797 -0.0361234 -0.22212 0.0460275 0.0187434 -0.717396 0.694891
1305031121.647183 0.219434 -0.0382917 -0.217776 0.0480008 0.0181542 -0.718944 0.69317
1305031121.683200 0.220928 -0.0313712 -0.222329 0.0510646 0.0204963 -0.718621 0.693222
1305031121.714520 0.21152 -0.0343303 -0.22048 0.0480453 0.0210467 -0.717354 0.694731
1305031121.747145 0.210474 -0.0361252 -0.217136 0.048423 0.019706 -0.716185 0.695949
1305031121.782835 0.204134 -0.035656 -0.213245 0.0477328 0.0213343 -0.713481 0.698721
1305031121.811540 0.196884 -0.0312347 -0.213095 0.0482252 0.0228979 -0.711205 0.700955
1305031121.847335 0.189259 -0.0301916 -0.211968 0.0477566 0.0234295 -0.708144 0.704062
1305031121.882060 0.178723 -0.0273958 -0.210523 0.0480948 0.0240936 -0.704637 0.707526
1305031121.914931 0.170819 -0.0272108 -0.204322 0.0464031 0.0235565 -0.701259 0.711005
1305031121.947288 0.149346 -0.0273736 -0.197384 0.0448171 0.0226025 -0.69719 0.715127
1305031121.982926 0.149043 -0.02739 -0.195268 0.0496601 0.0169286 -0.694287 0.717783
1305031122.014256 0.138718 -0.030375 -0.189391 0.0502784 0.0162028 -0.692169 0.7198
1305031122.047306 0.116752 -0.0347965 -0.181668 0.0519178 0.015641 -0.687407 0.724245
1305031122.082959 0.118884 -0.0300161 -0.176898 0.0613988 0.0111227 -0.686002 0.724919
1305031122.114672 0.105304 -0.0365926 -0.171064 0.0642223 0.00889234 -0.685569 0.725115
1305031122.150725 0.106638 -0.0326696 -0.168718 0.0731956 0.00779513 -0.685159 0.724665
1305031122.183042 0.0890237 -0.0359375 -0.163626 0.0757976 0.0104088 -0.686109 0.723464
1305031122.214959 0.0793218 -0.0356791 -0.163371 0.081254 0.0118189 -0.685721 0.723218
1305031122.251319 0.0678329 -0.0323909 -0.160235 0.0854676 0.014554 -0.6846 0.723745
1305031122.283560 0.0572668 -0.030755 -0.155224 0.0871906 0.0144976 -0.682765 0.725272
1305031122.314289 0.0479687 -0.0328593 -0.145696 0.0873856 0.0120974 -0.681881 0.726124
1305031122.351327 0.0406446 -0.036756 -0.144247 0.0880616 0.0110708 -0.682631 0.725353
1305031122.382630 0.0287917 -0.0372507 -0.139026 0.0885516 0.0133778 -0.683223 0.724697
1305031122.414997 0.0174451 -0.0404196 -0.132946 0.0886278 0.0140238 -0.684189 0.723764
1305031122.451257 0.00646648 -0.0454447 -0.130139 0.0896538 0.0151245 -0.685639 0.722241
1305031122.483360 -0.00847154 -0.043476 -0.123933 0.0912206 0.017987 -0.685886 0.721745
1305031122.515097 -0.0227837 -0.0444516 -0.120186 0.0927673 0.0163932 -0.685212 0.722226
1305031122.551490 -0.0282193 -0.0449852 -0.117761 0.0961885 0.0117869 -0.684243 0.722786
1305031122.583208 -0.0364606 -0.040761 -0.116757 0.096555 0.00870532 -0.683453 0.723528
1305031122.614980 -0.0513591 -0.047211 -0.113756 0.091444 0.002484 -0.683911 0.723808
1305031122.648788 -0.055115 -0.0571494 -0.115759 0.090668 -0.00405888 -0.683256 0.724516
1305031122.683402 -0.0624439 -0.0598425 -0.114094 0.0905277 -0.00583787 -0.684216 0.723615
1305031122.715208 -0.0735219 -0.0624221 -0.110501 0.0909748 -0.00719132 -0.686918 0.720982
1305031122.751298 -0.0791597 -0.0603038 -0.110105 0.0942897 -0.00770505 -0.688662 0.718885
1305031122.783423 -0.0870611 -0.0612334 -0.107488 0.0930928 -0.00768205 -0.689795 0.717953
1305031122.812555 -0.101633 -0.066029 -0.102905 0.0894958 -0.00790191 -0.690737 0.717503
1305031122.851418 -0.111449 -0.0643015 -0.102842 0.0915518 -0.0103601 -0.692081 0.715916
1305031122.883754 -0.119476 -0.0672223 -0.102883 0.0920921 -0.013416 -0.69196 0.715912
1305031122.914571 -0.135583 -0.0688692 -0.100893 0.0899017 -0.0146496 -0.691594 0.71652
1305031122.951341 -0.146161 -0.0665652 -0.103354 0.0899841 -0.0194231 -0.691798 0.716199
1305031122.982815 -0.164452 -0.0710999 -0.101303 0.0876702 -0.0238046 -0.690519 0.717587
1305031123.015450 -0.174272 -0.0691498 -0.105525 0.0910474 -0.0309798 -0.69261 0.714872
1305031123.051827 -0.169507 -0.0714513 -0.106531 0.0951345 -0.0428344 -0.691687 0.714622
1305031123.082975 -0.172357 -0.0720858 -0.109231 0.09709 -0.0510666 -0.692318 0.713205
1305031123.113873 -0.184962 -0.0742157 -0.10921 0.0944963 -0.0567549 -0.694114 0.711376
1305031123.150822 -0.19574 -0.0733641 -0.111195 0.0921797 -0.0604741 -0.695546 0.709973
1305031123.182155 -0.202387 -0.0715529 -0.112691 0.0932545 -0.0639028 -0.697228 0.707879
1305031123.214704 -0.211335 -0.0673824 -0.113707 0.095052 -0.0673725 -0.700216 0.70436
1305031123.250618 -0.220394 -0.0649338 -0.118015 0.0954879 -0.0690203 -0.701711 0.702652
1305031123.282347 -0.224738 -0.0611563 -0.120742 0.0986022 -0.0705231 -0.703155 0.700626
1305031123.311327 -0.233395 -0.0611129 -0.122868 0.0982209 -0.0723629 -0.704938 0.698698
1305031123.350481 -0.239811 -0.0587554 -0.122703 0.0989796 -0.0743654 -0.705596 0.697715
1305031123.382255 -0.246316 -0.0586888 -0.124279 0.0999265 -0.0788966 -0.705151 0.697533
1305031123.411363 -0.253111 -0.0572256 -0.12715 0.099716 -0.0835923 -0.705728 0.696432
1305031123.451255 -0.260106 -0.0538705 -0.13025 0.100559 -0.0876318 -0.70605 0.695487
1305031123.483594 -0.265781 -0.0525761 -0.133531 0.100651 -0.0898507 -0.707559 0.693654
1305031123.511360 -0.270046 -0.0506132 -0.133685 0.101501 -0.0898275 -0.709082 0.691977
1305031123.551513 -0.273218 -0.048851 -0.132631 0.102008 -0.0897538 -0.709778 0.691198
1305031123.579583 -0.273086 -0.0471079 -0.13485 0.103242 -0.0904154 -0.711431 0.689225
1305031123.611335 -0.275737 -0.0461007 -0.1352 0.102709 -0.0873367 -0.711761 0.689362
1305031123.652411 -0.273185 -0.0469224 -0.131391 0.101789 -0.0850191 -0.711531 0.690025
1305031123.683753 -0.26683 -0.0455035 -0.131286 0.104326 -0.086724 -0.712495 0.688437
1305031123.711323 -0.272658 -0.047644 -0.132537 0.102016 -0.0828679 -0.713765 0.687943
1305031123.751723 -0.267013 -0.0464765 -0.130389 0.101589 -0.0759682 -0.713501 0.689075
1305031123.783858 -0.25601 -0.0459929 -0.12947 0.103167 -0.0735492 -0.714107 0.688475
1305031123.811608 -0.25751 -0.045539 -0.129851 0.101584 -0.0684656 -0.715318 0.687978
1305031123.851444 -0.246707 -0.0489801 -0.131865 0.0991383 -0.0633641 -0.714303 0.689875
1305031123.883786 -0.23676 -0.0478263 -0.126505 0.0988546 -0.0605572 -0.713598 0.690897
1305031123.911243 -0.231794 -0.0466308 -0.129148 0.0984829 -0.0568104 -0.712485 0.692415
1305031123.951442 -0.218607 -0.0518103 -0.130829 0.0946352 -0.0532599 -0.710128 0.695648
1305031123.983415 -0.212973 -0.0461317 -0.124251 0.0938954 -0.0475034 -0.711631 0.694628
1305031124.011302 -0.205785 -0.0474237 -0.125122 0.0956848 -0.0443531 -0.71131 0.694921
1305031124.051505 -0.193511 -0.0483415 -0.128607 0.09546 -0.0397833 -0.711477 0.695058
1305031124.083837 -0.183068 -0.0492949 -0.127431 0.0950821 -0.0353449 -0.710499 0.696348
1305031124.111331 -0.175728 -0.0460214 -0.126745 0.0943501 -0.029893 -0.710336 0.69687
1305031124.147446 -0.154031 -0.0398197 -0.126888 0.0973398 -0.0271741 -0.710279 0.696627
1305031124.182694 -0.139245 -0.0399295 -0.125974 0.0953383 -0.0234792 -0.70964 0.69769
1305031124.211396 -0.122356 -0.0336805 -0.128486 0.0963199 -0.0186208 -0.709545 0.697798
1305031124.249327 -0.117705 -0.0395559 -0.121609 0.0897285 -0.0128807 -0.707198 0.701181
1305031124.282545 -0.109817 -0.0384855 -0.122627 0.0878696 -0.00778714 -0.705922 0.702775
1305031124.311361 -0.0921379 -0.0396144 -0.125365 0.0883488 -0.00555661 -0.704274 0.704387
1305031124.350354 -0.0786684 -0.0383015 -0.127837 0.0873946 -0.00087683 -0.703098 0.705701
1305031124.382420 -0.065243 -0.0368074 -0.127618 0.087585 0.00313088 -0.701606 0.707155
1305031124.411439 -0.0539303 -0.0301764 -0.133959 0.0874678 0.00851365 -0.701241 0.707487
1305031124.450245 -0.0436292 -0.027341 -0.136681 0.0853149 0.0123097 -0.700654 0.708275
1305031124.480099 -0.0311932 -0.0274641 -0.140914 0.084111 0.0139877 -0.699437 0.70959
1305031124.511324 -0.0224869 -0.0240268 -0.141684 0.0821397 0.0187516 -0.699291 0.709855
1305031124.550437 -0.00874381 -0.02464 -0.144886 0.081796 0.0197101 -0.698903 0.71025
1305031124.579404 0.00421497 -0.021105 -0.153372 0.0832667 0.0214531 -0.698191 0.710729
1305031124.611358 0.0153298 -0.0112716 -0.164362 0.0834602 0.0255762 -0.698752 0.710018
1305031124.651271 0.020771 -0.0153999 -0.166959 0.0783957 0.0249883 -0.698348 0.711013
1305031124.679362 0.0349987 -0.0143819 -0.174466 0.080179 0.021843 -0.698862 0.710412
1305031124.711251 0.0513126 -0.0126884 -0.183609 0.0796433 0.0222878 -0.700425 0.708918
1305031124.749890 0.0625488 -0.0133063 -0.18412 0.0781045 0.0263221 -0.701464 0.707923
1305031124.779365 0.0634928 -0.00971748 -0.189283 0.0769164 0.0311965 -0.701796 0.707526
1305031124.811360 0.0750732 -0.0094492 -0.196542 0.0774515 0.0300034 -0.704598 0.704729
1305031124.850535 0.0855779 -0.00833909 -0.201638 0.07749 0.0318426 -0.705266 0.703975
1305031124.879355 0.0936554 -0.00554395 -0.204784 0.0755088 0.0349884 -0.704046 0.705261
1305031124.911448 0.0943715 -0.0106026 -0.205577 0.0715286 0.0335031 -0.704277 0.705518
1305031124.950730 0.113372 -0.0129495 -0.203407 0.0736526 0.0282814 -0.70425 0.705555
1305031124.979438 0.125232 -0.0134692 -0.208624 0.0727616 0.0291452 -0.703135 0.706723
1305031125.011454 0.127908 -0.0134759 -0.209485 0.0701126 0.0316994 -0.702593 0.70742
1305031125.050763 0.137547 -0.0112828 -0.21689 0.0698252 0.031245 -0.704128 0.70594
1305031125.079364 0.140351 -0.0189339 -0.215265 0.0644406 0.0315866 -0.702465 0.708091
1305031125.111364 0.145696 -0.013241 -0.217692 0.063694 0.0314203 -0.69932 0.711271
1305031125.151013 0.149912 -0.0114191 -0.225083 0.0602065 0.0283779 -0.699215 0.711806
1305031125.179353 0.156528 -0.0165686 -0.224933 0.0573021 0.022274 -0.697846 0.713604
1305031125.211320 0.168057 -0.0164234 -0.225945 0.0555517 0.0190156 -0.697146 0.714521
1305031125.250632 0.168408 -0.0190869 -0.226208 0.0521517 0.0167788 -0.696937 0.715037
1305031125.279467 0.170204 -0.0205889 -0.226829 0.0499849 0.0141026 -0.696109 0.716055
1305031125.311493 0.172786 -0.0204852 -0.228057 0.0486418 0.0108989 -0.694082 0.718168
1305031125.348880 0.175903 -0.024669 -0.229745 0.0455518 0.00881413 -0.694269 0.718218
1305031125.379401 0.183443 -0.0288329 -0.22179 0.0435287 0.00914287 -0.696735 0.715948
1305031125.411335 0.172539 -0.0360426 -0.215647 0.0408232 0.0142315 -0.696433 0.716319
1305031125.451195 0.173413 -0.0270521 -0.219527 0.0460527 0.0197252 -0.698373 0.713978
1305031125.479424 0.157829 -0.0284438 -0.215778 0.0422934 0.0253211 -0.698219 0.714185
1305031125.511316 0.148471 -0.0264964 -0.212568 0.0425459 0.0269054 -0.695908 0.716365
1305031125.551020 0.140058 -0.0238252 -0.208712 0.0425075 0.0271377 -0.6952 0.717045
1305031125.579308 0.135867 -0.0262514 -0.20557 0.043091 0.0235194 -0.693777 0.718515
1305031125.611533 0.12949 -0.0279145 -0.197439 0.0436012 0.023279 -0.692824 0.719411
1305031125.650575 0.11373 -0.0355385 -0.19119 0.0451259 0.0232286 -0.693098 0.719054
1305031125.679328 0.113923 -0.0332902 -0.18919 0.054368 0.0242976 -0.695119 0.716424
1305031125.711443 0.0988686 -0.0319924 -0.187701 0.0589956 0.0300042 -0.696998 0.714012
1305031125.751260 0.0856887 -0.0220343 -0.186841 0.0654749 0.0343867 -0.696724 0.713517
1305031125.779348 0.0703434 -0.0118874 -0.19205 0.070272 0.0361871 -0.697375 0.712334
1305031125.811573 0.0597021 -0.0171638 -0.186104 0.0707318 0.0308469 -0.696921 0.712984
1305031125.847412 0.052052 -0.0189772 -0.180789 0.0727167 0.0269187 -0.695816 0.714022
1305031125.879318 0.0381596 -0.0163581 -0.178675 0.0743194 0.025337 -0.697294 0.712471
1305031125.911305 0.0255647 -0.0172261 -0.177081 0.0789775 0.0208112 -0.698067 0.711359
1305031125.947343 0.0171 -0.0185064 -0.178499 0.0819101 0.0174514 -0.697247 0.711922
1305031125.979324 0.00160255 -0.0159652 -0.174084 0.0832334 0.0156457 -0.698209 0.710867
1305031126.011333 -0.00943285 -0.0183547 -0.169536 0.0844767 0.0111274 -0.697479 0.711522
1305031126.047324 -0.0278545 -0.0136226 -0.170794 0.0852085 0.0091733 -0.697243 0.711694
1305031126.079356 -0.0313748 -0.0235915 -0.163653 0.0848447 -0.000610689 -0.694791 0.71419
1305031126.111370 -0.0421786 -0.0280208 -0.160983 0.0844572 -0.00565941 -0.693251 0.715708
1305031126.147432 -0.0552043 -0.0313448 -0.16075 0.0851392 -0.00938384 -0.692065 0.716735
1305031126.179384 -0.0584926 -0.0340817 -0.159499 0.088004 -0.0154353 -0.692487 0.715876
1305031126.211319 -0.0671417 -0.0385998 -0.157542 0.0890343 -0.0180436 -0.693878 0.714339
1305031126.247298 -0.0825131 -0.0367786 -0.154277 0.0914219 -0.0174967 -0.694893 0.713063
1305031126.279363 -0.0918725 -0.037761 -0.154096 0.0946993 -0.021607 -0.694246 0.713153
1305031126.311332 -0.100747 -0.0434486 -0.151194 0.0941054 -0.0274041 -0.694738 0.712554
1305031126.347363 -0.110838 -0.0408752 -0.152476 0.0962985 -0.0305617 -0.69632 0.710585
1305031126.379423 -0.11184 -0.0436178 -0.153661 0.0979091 -0.0368342 -0.696664 0.70973
1305031126.411465 -0.116003 -0.0440991 -0.150329 0.0979304 -0.0410165 -0.699866 0.706339
1305031126.447361 -0.122127 -0.0410231 -0.149311 0.0992972 -0.0434438 -0.70176 0.70412
1305031126.479533 -0.125065 -0.0402708 -0.150909 0.099109 -0.0454918 -0.703533 0.702246
1305031126.511410 -0.132592 -0.0398412 -0.147527 0.097553 -0.0457554 -0.705881 0.700087
1305031126.547374 -0.136077 -0.0381543 -0.147212 0.0965381 -0.0475247 -0.70575 0.700241
1305031126.579454 -0.141503 -0.0377861 -0.144535 0.0936925 -0.0497253 -0.706615 0.699603
1305031126.611528 -0.144801 -0.0385393 -0.144479 0.0924803 -0.0514121 -0.706494 0.699765
1305031126.647376 -0.145773 -0.0363202 -0.143228 0.0921463 -0.0525991 -0.706533 0.699681
1305031126.679479 -0.147204 -0.0374078 -0.141585 0.0914536 -0.0542828 -0.707806 0.698355
1305031126.711583 -0.14988 -0.0343803 -0.141415 0.092093 -0.0521008 -0.708622 0.697609
1305031126.747316 -0.148776 -0.0352905 -0.142311 0.0917908 -0.0513441 -0.708786 0.697539
1305031126.779379 -0.147937 -0.0350558 -0.140289 0.0918264 -0.0513187 -0.709511 0.696798
1305031126.811602 -0.148585 -0.034241 -0.140297 0.0921526 -0.0502364 -0.709607 0.696737
1305031126.847343 -0.147255 -0.0300528 -0.14179 0.0948843 -0.0474273 -0.71097 0.695176
1305031126.879357 -0.144239 -0.0334645 -0.141916 0.0953177 -0.0456439 -0.71054 0.695675
1305031126.911364 -0.143128 -0.0333898 -0.140943 0.0958099 -0.0426244 -0.71053 0.695809
1305031126.947437 -0.142523 -0.0343128 -0.141005 0.0953848 -0.0411237 -0.710083 0.696414
1305031126.979337 -0.13895 -0.0350432 -0.142163 0.0941939 -0.0399673 -0.70925 0.697491
1305031127.011371 -0.135048 -0.0345713 -0.141451 0.0941228 -0.0390255 -0.709126 0.697681
1305031127.047297 -0.132942 -0.0334238 -0.14459 0.0952278 -0.0377624 -0.708707 0.698025
1305031127.079299 -0.127373 -0.0323963 -0.145743 0.0957005 -0.0351484 -0.708046 0.698768
1305031127.111435 -0.124995 -0.0311063 -0.146807 0.0956954 -0.0331159 -0.708435 0.698474
1305031127.147307 -0.122967 -0.0302396 -0.148242 0.0968073 -0.0317507 -0.708188 0.698634
1305031127.179349 -0.115048 -0.0293063 -0.149983 0.0986671 -0.0313608 -0.707963 0.69862
1305031127.211700 -0.116058 -0.0309065 -0.148637 0.0974073 -0.029581 -0.707443 0.6994
1305031127.247374 -0.116362 -0.0344901 -0.149628 0.0972552 -0.0296632 -0.7066 0.700269
1305031127.279465 -0.110805 -0.0251938 -0.155167 0.101442 -0.0270394 -0.707388 0.698985
1305031127.311362 -0.10929 -0.0289636 -0.154211 0.0997608 -0.0269652 -0.706445 0.700183
1305031127.347356 -0.111635 -0.0293564 -0.155176 0.0994302 -0.0261394 -0.706436 0.700271
1305031127.379262 -0.10718 -0.0262073 -0.157437 0.101748 -0.0265247 -0.707722 0.698623
1305031127.411371 -0.106347 -0.0280295 -0.157115 0.100201 -0.0255802 -0.707962 0.698638
1305031127.447333 -0.108557 -0.0294034 -0.156156 0.0995394 -0.0246674 -0.707385 0.69935
1305031127.479362 -0.10486 -0.0274847 -0.15865 0.10173 -0.0251355 -0.707642 0.698757
1305031127.511356 -0.101208 -0.0283209 -0.15722 0.101502 -0.0251686 -0.707564 0.698869
1305031127.547348 -0.107205 -0.0306672 -0.15706 0.0984571 -0.022693 -0.706899 0.700061
1305031127.579345 -0.102841 -0.0309373 -0.155199 0.099907 -0.0240518 -0.706202 0.700513
1305031127.611271 -0.10264 -0.0304704 -0.155934 0.100053 -0.0232738 -0.706229 0.700491
1305031127.647358 -0.102413 -0.0305837 -0.158335 0.100751 -0.022316 -0.705727 0.700928
1305031127.679298 -0.103677 -0.0308284 -0.158594 0.101387 -0.0220174 -0.706171 0.700399
1305031127.711375 -0.101566 -0.0326518 -0.160875 0.102526 -0.0234751 -0.705484 0.700878
1305031127.747304 -0.101883 -0.0289682 -0.162959 0.103936 -0.0228702 -0.705183 0.700993
1305031127.779346 -0.0973449 -0.0253935 -0.166649 0.10651 -0.0250671 -0.706368 0.699337
1305031127.811829 -0.0940707 -0.0260945 -0.167711 0.106417 -0.0258956 -0.70692 0.698763
1305031127.847366 -0.0943965 -0.0264105 -0.169122 0.105754 -0.0250963 -0.707189 0.69862
1305031127.879380 -0.0938585 -0.0264299 -0.169794 0.105936 -0.0256629 -0.708399 0.697344
1305031127.911476 -0.0894371 -0.0221977 -0.171464 0.107175 -0.0249113 -0.709609 0.695951
1305031127.947366 -0.0920877 -0.0259165 -0.171101 0.104325 -0.0240972 -0.70965 0.696371
1305031127.979371 -0.0935646 -0.0269792 -0.169248 0.103948 -0.0239723 -0.709298 0.69679
1305031128.011427 -0.0885789 -0.0216919 -0.171977 0.106865 -0.023318 -0.710165 0.695486
1305031128.047369 -0.0914767 -0.0246055 -0.170277 0.104384 -0.0224886 -0.709457 0.696612
1305031128.079334 -0.0940738 -0.0292571 -0.170578 0.102283 -0.0226063 -0.708422 0.697973
1305031128.111391 -0.0913414 -0.0278317 -0.171785 0.103884 -0.0224605 -0.707231 0.698948
1305031128.147418 -0.0915099 -0.0286202 -0.171728 0.103147 -0.0218042 -0.706438 0.699879
1305031128.179350 -0.0883817 -0.0294374 -0.170101 0.103708 -0.0226721 -0.705491 0.700723
1305031128.211447 -0.0887172 -0.0280678 -0.172544 0.104262 -0.0217759 -0.705016 0.701147
1305031128.247480 -0.0857721 -0.02854 -0.170717 0.104621 -0.0227148 -0.704835 0.701246
1305031128.279336 -0.0841427 -0.0299893 -0.17026 0.104202 -0.0236672 -0.703993 0.702122
1305031128.311483 -0.0834894 -0.0281906 -0.171096 0.103991 -0.022866 -0.704496 0.701676
1305031128.347423 -0.0840211 -0.0335098 -0.167745 0.101534 -0.0232507 -0.704247 0.702272
1305031128.379404 -0.0848174 -0.0320891 -0.1688 0.102313 -0.021531 -0.704602 0.701858
1305031128.411337 -0.0775856 -0.0253236 -0.168302 0.106702 -0.0203455 -0.704561 0.701281
1305031128.447296 -0.0804756 -0.0284601 -0.16844 0.104289 -0.0197517 -0.703536 0.702689
1305031128.479296 -0.0818645 -0.0265651 -0.169315 0.103541 -0.0188825 -0.70342 0.702939
