1305031102.175304 1305031102.160407
1305031102.211214 1305031102.226738
1305031102.275326 1305031102.262886
1305031102.311267 1305031102.295279
1305031102.343233 1305031102.329195
1305031102.375329 1305031102.363013
1305031102.411258 1305031102.394772
1305031102.443271 1305031102.427815
1305031102.475318 1305031102.462395
1305031102.511219 1305031102.526330
1305031102.575286 1305031102.562224
1305031102.611233 1305031102.626818
1305031102.675285 1305031102.663273
1305031102.711263 1305031102.695165
1305031102.743234 1305031102.728423
1305031102.775472 1305031102.763549
1305031102.811232 1305031102.794978
1305031102.843290 1305031102.828537
1305031102.875363 1305031102.862808
1305031102.911185 1305031102.926851
1305031102.975203 1305031102.962137
1305031103.011215 1305031102.994164
1305031103.043227 1305031103.027881
1305031103.075319 1305031103.062273
1305031103.111240 1305031103.094040
1305031103.143318 1305031103.129109
1305031103.175452 1305031103.162795
1305031103.243216 1305031103.227845
1305031103.275370 1305031103.262576
1305031103.311210 1305031103.294208
1305031103.343223 1305031103.327550
1305031103.375327 1305031103.362405
1305031103.411260 1305031103.394162
1305031103.443280 1305031103.428437
1305031103.475274 1305031103.463886
1305031103.511333 1305031103.494472
1305031103.543444 1305031103.531502
1305031103.575474 1305031103.562651
1305031103.611223 1305031103.595310
1305031103.643445 1305031103.631376
1305031103.675523 1305031103.663594
1305031103.711610 1305031103.694695
1305031103.743326 1305031103.731542
1305031103.775342 1305031103.762865
1305031103.811242 1305031103.794329
1305031103.843251 1305031103.830367
1305031103.875361 1305031103.862379
1305031103.911221 1305031103.894237
1305031103.943211 1305031103.930503
1305031103.975373 1305031103.962461
1305031104.011232 1305031103.994365
1305031104.043249 1305031104.030279
1305031104.075425 1305031104.062542
1305031104.111235 1305031104.095305
1305031104.143230 1305031104.131292
1305031104.175424 1305031104.163440
1305031104.211283 1305031104.194053
1305031104.243196 1305031104.227247
1305031104.275546 1305031104.263335
1305031104.311219 1305031104.294957
1305031104.343342 1305031104.331403
1305031104.375837 1305031104.363345
1305031104.411509 1305031104.395019
1305031104.443288 1305031104.431435
1305031104.475456 1305031104.463413
1305031104.511329 1305031104.495673
1305031104.543368 1305031104.531450
1305031104.575343 1305031104.563149
1305031104.611336 1305031104.595033
1305031104.643243 1305031104.631368
1305031104.675525 1305031104.659863
1305031104.711277 1305031104.695185
1305031104.743280 1305031104.730936
1305031104.775327 1305031104.763178
1305031104.811465 1305031104.799499
1305031104.843258 1305031104.830961
1305031104.875350 1305031104.863256
1305031104.911534 1305031104.899165
1305031104.943262 1305031104.931091
1305031104.975202 1305031104.959750
1305031105.011290 1305031104.998342
1305031105.043373 1305031105.030427
1305031105.075320 1305031105.062445
1305031105.111299 1305031105.097639
1305031105.143106 1305031105.130269
1305031105.175159 1305031105.159979
1305031105.211268 1305031105.198212
1305031105.243270 1305031105.228250
1305031105.275288 1305031105.262389
1305031105.311290 1305031105.298501
1305031105.343302 1305031105.328878
1305031105.375338 1305031105.362286
1305031105.411286 1305031105.398191
1305031105.443316 1305031105.430336
1305031105.475280 1305031105.461421
1305031105.511332 1305031105.497931
1305031105.543282 1305031105.529583
1305031105.575449 1305031105.562109
1305031105.611378 1305031105.597193
1305031105.643273 1305031105.659104
1305031105.711309 1305031105.698235
1305031105.743312 1305031105.730336
1305031105.775339 1305031105.762384
1305031105.811283 1305031105.798056
1305031105.843271 1305031105.830008
1305031105.875337 1305031105.862238
1305031105.911262 1305031105.898018
1305031105.943272 1305031105.929855
1305031105.975329 1305031105.966193
1305031106.011285 1305031105.998271
1305031106.043355 1305031106.030147
1305031106.075330 1305031106.066060
1305031106.111327 1305031106.096295
1305031106.143355 1305031106.130445
1305031106.175534 1305031106.166330
1305031106.211275 1305031106.195074
1305031106.243267 1305031106.230058
1305031106.276385 1305031106.265976
1305031106.311238 1305031106.298174
1305031106.343258 1305031106.330215
1305031106.375388 1305031106.366158
1305031106.411320 1305031106.398281
1305031106.443278 1305031106.430639
1305031106.475345 1305031106.466046
1305031106.511129 1305031106.498096
1305031106.543302 1305031106.528267
1305031106.575282 1305031106.564414
1305031106.611151 1305031106.597879
1305031106.643207 1305031106.630776
1305031106.675279 1305031106.667282
1305031106.711508 1305031106.699110
1305031106.743341 1305031106.729550
1305031106.775390 1305031106.767126
1305031106.811289 1305031106.798309
1305031106.843416 1305031106.830652
1305031106.875905 1305031106.866893
1305031106.911243 1305031106.897828
1305031106.943439 1305031106.930797
1305031106.975547 1305031106.967232
1305031107.011576 1305031106.998876
1305031107.043281 1305031107.030348
1305031107.075432 1305031107.066405
1305031107.111229 1305031107.098268
1305031107.143260 1305031107.130308
1305031107.175399 1305031107.165964
1305031107.211358 1305031107.198208
1305031107.243378 1305031107.235026
1305031107.275398 1305031107.267071
1305031107.311226 1305031107.299273
1305031107.343509 1305031107.334800
1305031107.375413 1305031107.367183
1305031107.411271 1305031107.399345
1305031107.443419 1305031107.434926
1305031107.475377 1305031107.467141
1305031107.511352 1305031107.498426
1305031107.543605 1305031107.534830
1305031107.575454 1305031107.567015
1305031107.611271 1305031107.598904
1305031107.643323 1305031107.634944
1305031107.675568 1305031107.667179
1305031107.711307 1305031107.699390
1305031107.743538 1305031107.735041
1305031107.775802 1305031107.767895
1305031107.811596 1305031107.799544
1305031107.843332 1305031107.835751
1305031107.875358 1305031107.863505
1305031107.911541 1305031107.899222
1305031107.943122 1305031107.933609
1305031107.975807 1305031107.964840
1305031108.011320 1305031107.998469
1305031108.043418 1305031108.034824
1305031108.075352 1305031108.067271
1305031108.111378 1305031108.099365
1305031108.143334 1305031108.135281
1305031108.176058 1305031108.167357
1305031108.211475 1305031108.199225
1305031108.243347 1305031108.235213
1305031108.275358 1305031108.267660
1305031108.311332 1305031108.299547
1305031108.343278 1305031108.335019
1305031108.375410 1305031108.367285
1305031108.411361 1305031108.399284
1305031108.443610 1305031108.435023
1305031108.475471 1305031108.467680
1305031108.511378 1305031108.503548
1305031108.543737 1305031108.534811
1305031108.575414 1305031108.567154
1305031108.611407 1305031108.603547
1305031108.643303 1305031108.634212
1305031108.675375 1305031108.667189
1305031108.711411 1305031108.703346
1305031108.743502 1305031108.735052
1305031108.775493 1305031108.767031
1305031108.811244 1305031108.803370
1305031108.843264 1305031108.835163
1305031108.876515 1305031108.867534
1305031108.911364 1305031108.903540
1305031108.943243 1305031108.935116
1305031108.975268 1305031108.967245
1305031109.011269 1305031109.003064
1305031109.043277 1305031109.034955
1305031109.075410 1305031109.067091
1305031109.111282 1305031109.103294
1305031109.143334 1305031109.134968
1305031109.175464 1305031109.165848
1305031109.211379 1305031109.203388
1305031109.243290 1305031109.234324
1305031109.275308 1305031109.266325
1305031109.311329 1305031109.303457
1305031109.343248 1305031109.334602
1305031109.375397 1305031109.364882
1305031109.411329 1305031109.403386
1305031109.443302 1305031109.434469
1305031109.475363 1305031109.467362
1305031109.511273 1305031109.503193
1305031109.543294 1305031109.535715
1305031109.575362 1305031109.567452
1305031109.611310 1305031109.603601
1305031109.643229 1305031109.635323
1305031109.675263 1305031109.667570
1305031109.711312 1305031109.703265
1305031109.743274 1305031109.735059
1305031109.775277 1305031109.767470
1305031109.811371 1305031109.803396
1305031109.843296 1305031109.834910
1305031109.875306 1305031109.871271
1305031109.911265 1305031109.900535
1305031109.943299 1305031109.934960
1305031109.975258 1305031109.970213
1305031110.011256 1305031109.999657
1305031110.043299 1305031110.031356
1305031110.075319 1305031110.068125
1305031110.111325 1305031110.101397
1305031110.143432 1305031110.132317
1305031110.175641 1305031110.168323
1305031110.211637 1305031110.203162
1305031110.243323 1305031110.234909
1305031110.279321 1305031110.271394
1305031110.311404 1305031110.303648
1305031110.343355 1305031110.331570
1305031110.379281 1305031110.371607
1305031110.411469 1305031110.403480
1305031110.443260 1305031110.435647
1305031110.479331 1305031110.470588
1305031110.511429 1305031110.502539
1305031110.543408 1305031110.534532
1305031110.579426 1305031110.571676
1305031110.611307 1305031110.604289
1305031110.643418 1305031110.635485
1305031110.679606 1305031110.671775
1305031110.711412 1305031110.699957
1305031110.743249 1305031110.735440
1305031110.779193 1305031110.769734
1305031110.811386 1305031110.799684
1305031110.843218 1305031110.835248
1305031110.879313 1305031110.871293
1305031110.911333 1305031110.901900
1305031110.943862 1305031110.938668
1305031110.979345 1305031110.971316
1305031111.011431 1305031111.003669
1305031111.043327 1305031111.039669
1305031111.079283 1305031111.071605
1305031111.111508 1305031111.103658
1305031111.143257 1305031111.139211
1305031111.179326 1305031111.170937
1305031111.211433 1305031111.199395
1305031111.243236 1305031111.236670
1305031111.279308 1305031111.269939
1305031111.311547 1305031111.302311
1305031111.343397 1305031111.339460
1305031111.379134 1305031111.370908
1305031111.411296 1305031111.402911
1305031111.443386 1305031111.438948
1305031111.479259 1305031111.470919
1305031111.511264 1305031111.503531
1305031111.543250 1305031111.539482
1305031111.579237 1305031111.571320
1305031111.611271 1305031111.603391
1305031111.643395 1305031111.639405
1305031111.679320 1305031111.671252
1305031111.711760 1305031111.703791
1305031111.743386 1305031111.739504
1305031111.779423 1305031111.771228
1305031111.811406 1305031111.800077
1305031111.843299 1305031111.839333
1305031111.879442 1305031111.870985
1305031111.911354 1305031111.903356
1305031111.943300 1305031111.939680
1305031111.979449 1305031111.971494
1305031112.011433 1305031112.003596
1305031112.043270 1305031112.039412
1305031112.079339 1305031112.070731
1305031112.111423 1305031112.102495
1305031112.144342 1305031112.139107
1305031112.179390 1305031112.169345
1305031112.211254 1305031112.207733
1305031112.243369 1305031112.235657
1305031112.279353 1305031112.269488
1305031112.311312 1305031112.303591
1305031112.343323 1305031112.335789
1305031112.379360 1305031112.371231
1305031112.411442 1305031112.407491
1305031112.443391 1305031112.439064
1305031112.479418 1305031112.471066
1305031112.511504 1305031112.506669
1305031112.543212 1305031112.538310
1305031112.579252 1305031112.567470
1305031112.611261 1305031112.606742
1305031112.643246 1305031112.639418
1305031112.679952 1305031112.671325
1305031112.711251 1305031112.707325
1305031112.743245 1305031112.739546
1305031112.779310 1305031112.771523
1305031112.811310 1305031112.807539
1305031112.843286 1305031112.839560
1305031112.879421 1305031112.871083
1305031112.911411 1305031112.907246
1305031112.943321 1305031112.939323
1305031112.979278 1305031112.971164
1305031113.011353 1305031113.007166
1305031113.043231 1305031113.039492
1305031113.079251 1305031113.071210
1305031113.111316 1305031113.107662
1305031113.143306 1305031113.139664
1305031113.179343 1305031113.171088
1305031113.211259 1305031113.207181
1305031113.243227 1305031113.239732
1305031113.279312 1305031113.271470
1305031113.311452 1305031113.307323
1305031113.343252 1305031113.339396
1305031113.379312 1305031113.371377
1305031113.411625 1305031113.407351
1305031113.443266 1305031113.439787
1305031113.479311 1305031113.475657
1305031113.511523 1305031113.507987
1305031113.543242 1305031113.539417
1305031113.579301 1305031113.574964
1305031113.611268 1305031113.607216
1305031113.643222 1305031113.638418
1305031113.679288 1305031113.674244
1305031113.711931 1305031113.704256
1305031113.743590 1305031113.736263
1305031113.779320 1305031113.774168
1305031113.811237 1305031113.805795
1305031113.843295 1305031113.838437
1305031113.879281 1305031113.874200
1305031113.911290 1305031113.906361
1305031113.943291 1305031113.938561
1305031113.979293 1305031113.974245
1305031114.011257 1305031114.007082
1305031114.043301 1305031114.038546
1305031114.079285 1305031114.074298
1305031114.111263 1305031114.106402
1305031114.143284 1305031114.138562
1305031114.179337 1305031114.174114
1305031114.211303 1305031114.206255
1305031114.243337 1305031114.238473
1305031114.279390 1305031114.271075
1305031114.311429 1305031114.306710
1305031114.343331 1305031114.338919
1305031114.379320 1305031114.374307
1305031114.411397 1305031114.406591
1305031114.443345 1305031114.438540
1305031114.479332 1305031114.474489
1305031114.511266 1305031114.506573
1305031114.543236 1305031114.539953
1305031114.579237 1305031114.575185
1305031114.611391 1305031114.607560
1305031114.644136 1305031114.644150
1305031114.679251 1305031114.675655
1305031114.711306 1305031114.706141
1305031114.743200 1305031114.743276
1305031114.779289 1305031114.774847
1305031114.811303 1305031114.807310
1305031114.843208 1305031114.842137
1305031114.879281 1305031114.875056
1305031114.912879 1305031114.907504
1305031114.943234 1305031114.943264
1305031114.979280 1305031114.975411
1305031115.011300 1305031115.007179
1305031115.043508 1305031115.043530
1305031115.079238 1305031115.071577
1305031115.111230 1305031115.107074
1305031115.143275 1305031115.143294
1305031115.179440 1305031115.172642
1305031115.211374 1305031115.206453
1305031115.243297 1305031115.240975
1305031115.279966 1305031115.273468
1305031115.311704 1305031115.305534
1305031115.343235 1305031115.343426
1305031115.379166 1305031115.375054
1305031115.411237 1305031115.406164
1305031115.443159 1305031115.443040
1305031115.479241 1305031115.474863
1305031115.511253 1305031115.507440
1305031115.543604 1305031115.543620
1305031115.579315 1305031115.575290
1305031115.611424 1305031115.607428
1305031115.643254 1305031115.643254
1305031115.679241 1305031115.675106
1305031115.711320 1305031115.706301
1305031115.743250 1305031115.742905
1305031115.779425 1305031115.774329
1305031115.811277 1305031115.806425
1305031115.843224 1305031115.841936
1305031115.879198 1305031115.875347
1305031115.911118 1305031115.910716
1305031115.943311 1305031115.942015
1305031115.980740 1305031115.973799
1305031116.011379 1305031116.010843
1305031116.043164 1305031116.042618
1305031116.080030 1305031116.071527
1305031116.111300 1305031116.108247
1305031116.143441 1305031116.143447
1305031116.179572 1305031116.174891
1305031116.211299 1305031116.211320
1305031116.243320 1305031116.242720
1305031116.279385 1305031116.274421
1305031116.311336 1305031116.310686
1305031116.343292 1305031116.342459
1305031116.379384 1305031116.374490
1305031116.411333 1305031116.409631
1305031116.443369 1305031116.442496
1305031116.479850 1305031116.473394
1305031116.511205 1305031116.510576
1305031116.543262 1305031116.542695
1305031116.579313 1305031116.574389
1305031116.611261 1305031116.610891
1305031116.643355 1305031116.642664
1305031116.679281 1305031116.674523
1305031116.711634 1305031116.710942
1305031116.743291 1305031116.740575
1305031116.779298 1305031116.775059
1305031116.811318 1305031116.811343
1305031116.846089 1305031116.840370
1305031116.880165 1305031116.871726
1305031116.912044 1305031116.907955
1305031116.943296 1305031116.940626
1305031116.979351 1305031116.974656
1305031117.011382 1305031117.008812
1305031117.043261 1305031117.042065
1305031117.079520 1305031117.071181
1305031117.111238 1305031117.110454
1305031117.143218 1305031117.142383
1305031117.179264 1305031117.175059
1305031117.211361 1305031117.207753
1305031117.243277 1305031117.241340
1305031117.279299 1305031117.276516
1305031117.311200 1305031117.310121
1305031117.343243 1305031117.341044
1305031117.379454 1305031117.375067
1305031117.411221 1305031117.408538
1305031117.443274 1305031117.442208
1305031117.479403 1305031117.475651
1305031117.511325 1305031117.508882
1305031117.544285 1305031117.539736
1305031117.579155 1305031117.577860
1305031117.611159 1305031117.607777
1305031117.643252 1305031117.643284
1305031117.679262 1305031117.675483
1305031117.711184 1305031117.711215
1305031117.743184 1305031117.742995
1305031117.779467 1305031117.778969
1305031117.811320 1305031117.811060
1305031117.843291 1305031117.843307
1305031117.879451 1305031117.879467
1305031117.911407 1305031117.908762
1305031117.943253 1305031117.943272
1305031117.979228 1305031117.979263
1305031118.011228 1305031118.011013
1305031118.043521 1305031118.043549
1305031118.079334 1305031118.079369
1305031118.111217 1305031118.110863
1305031118.143256 1305031118.142285
1305031118.179323 1305031118.178170
1305031118.211202 1305031118.210782
1305031118.243173 1305031118.242948
1305031118.279194 1305031118.278991
1305031118.311299 1305031118.310731
1305031118.343324 1305031118.342079
1305031118.379208 1305031118.377003
1305031118.411296 1305031118.408818
1305031118.445692 1305031118.445703
1305031118.479285 1305031118.477869
1305031118.511255 1305031118.510201
1305031118.544414 1305031118.545199
1305031118.579285 1305031118.576377
1305031118.616142 1305031118.610869
1305031118.645325 1305031118.645331
1305031118.679295 1305031118.675082
1305031118.711421 1305031118.710140
1305031118.746770 1305031118.746801
1305031118.779277 1305031118.778790
1305031118.811221 1305031118.810703
1305031118.846753 1305031118.846774
1305031118.879208 1305031118.875402
1305031118.911177 1305031118.909608
1305031118.946974 1305031118.947009
1305031118.979374 1305031118.979394
1305031119.011363 1305031119.009712
1305031119.047172 1305031119.047180
1305031119.079223 1305031119.078966
1305031119.111328 1305031119.110884
1305031119.147616 1305031119.147629
1305031119.179226 1305031119.179262
1305031119.211364 1305031119.210906
1305031119.247399 1305031119.247660
1305031119.279212 1305031119.279244
1305031119.311212 1305031119.310755
1305031119.347741 1305031119.347750
1305031119.379239 1305031119.378631
1305031119.411484 1305031119.411492
1305031119.447706 1305031119.447726
1305031119.479267 1305031119.477682
1305031119.511240 1305031119.511258
1305031119.547382 1305031119.547414
1305031119.579559 1305031119.579569
1305031119.615017 1305031119.615024
1305031119.647903 1305031119.648889
1305031119.679208 1305031119.675566
1305031119.715232 1305031119.715249
1305031119.747193 1305031119.744886
1305031119.779169 1305031119.778628
1305031119.814537 1305031119.814571
1305031119.847429 1305031119.847445
1305031119.879214 1305031119.879232
1305031119.911401 1305031119.911424
1305031119.947392 1305031119.947462
1305031119.979537 1305031119.979546
1305031120.015264 1305031120.015283
1305031120.047290 1305031120.047310
1305031120.079418 1305031120.075690
1305031120.115232 1305031120.115249
1305031120.148157 1305031120.148175
1305031120.179246 1305031120.179261
1305031120.215249 1305031120.215260
1305031120.248003 1305031120.248018
1305031120.279430 1305031120.279441
1305031120.315196 1305031120.315213
1305031120.347787 1305031120.347797
1305031120.379437 1305031120.379446
1305031120.415445 1305031120.415490
1305031120.447417 1305031120.447433
1305031120.479432 1305031120.475582
1305031120.514819 1305031120.514877
1305031120.547736 1305031120.547807
1305031120.579551 1305031120.579559
1305031120.615236 1305031120.615271
1305031120.647354 1305031120.646607
1305031120.679318 1305031120.678467
1305031120.714522 1305031120.714553
1305031120.747369 1305031120.747396
1305031120.779894 1305031120.779908
1305031120.814944 1305031120.814905
1305031120.847921 1305031120.847942
1305031120.883435 1305031120.883454
1305031120.915444 1305031120.915454
1305031120.947488 1305031120.947509
1305031120.983366 1305031120.983390
1305031121.015019 1305031121.015029
1305031121.047498 1305031121.047755
1305031121.083099 1305031121.083117
1305031121.114696 1305031121.114878
1305031121.147331 1305031121.147355
1305031121.183271 1305031121.183281
1305031121.211420 1305031121.211431
1305031121.247194 1305031121.247201
1305031121.282876 1305031121.282822
1305031121.313568 1305031121.313588
1305031121.347517 1305031121.347540
1305031121.383226 1305031121.383248
1305031121.414318 1305031121.414328
1305031121.447319 1305031121.447024
1305031121.482964 1305031121.483015
1305031121.514107 1305031121.514164
1305031121.547270 1305031121.546810
1305031121.583204 1305031121.583213
1305031121.614700 1305031121.614719
1305031121.647183 1305031121.646966
1305031121.683200 1305031121.683211
1305031121.714520 1305031121.714528
1305031121.747145 1305031121.746484
1305031121.782835 1305031121.782871
1305031121.811540 1305031121.811545
1305031121.847335 1305031121.846870
1305031121.882060 1305031121.882123
1305031121.914931 1305031121.914943
1305031121.947288 1305031121.947318
1305031121.982926 1305031121.982935
1305031122.014256 1305031122.014424
1305031122.047306 1305031122.046908
1305031122.082959 1305031122.082969
1305031122.114672 1305031122.114688
1305031122.150725 1305031122.150748
1305031122.183042 1305031122.183052
1305031122.214959 1305031122.214969
1305031122.251319 1305031122.251355
1305031122.283560 1305031122.283866
1305031122.314289 1305031122.314309
1305031122.351327 1305031122.351351
1305031122.382630 1305031122.382678
1305031122.414997 1305031122.415008
1305031122.451257 1305031122.451272
1305031122.483360 1305031122.483388
1305031122.515097 1305031122.515135
1305031122.551490 1305031122.551510
1305031122.583208 1305031122.583217
1305031122.614980 1305031122.615017
1305031122.648788 1305031122.648810
1305031122.683402 1305031122.683420
1305031122.715208 1305031122.715219
1305031122.751298 1305031122.751309
1305031122.783423 1305031122.783438
1305031122.812555 1305031122.812565
1305031122.851418 1305031122.851486
1305031122.883754 1305031122.883775
1305031122.914571 1305031122.914585
1305031122.951341 1305031122.951413
1305031122.982815 1305031122.983000
1305031123.015450 1305031123.015462
1305031123.051827 1305031123.051838
1305031123.082975 1305031123.082992
1305031123.113873 1305031123.113939
1305031123.150822 1305031123.150840
1305031123.182155 1305031123.182176
1305031123.214704 1305031123.214724
1305031123.250618 1305031123.250641
1305031123.282347 1305031123.282363
1305031123.311327 1305031123.320992
1305031123.350481 1305031123.350493
1305031123.382255 1305031123.382263
1305031123.411363 1305031123.421343
1305031123.451255 1305031123.451266
1305031123.483594 1305031123.483605
1305031123.511360 1305031123.519725
1305031123.551513 1305031123.551573
1305031123.579583 1305031123.579616
1305031123.611335 1305031123.620387
1305031123.652411 1305031123.652430
1305031123.683753 1305031123.683785
1305031123.711323 1305031123.719975
1305031123.751723 1305031123.751980
1305031123.783858 1305031123.784138
1305031123.811608 1305031123.819696
1305031123.851444 1305031123.851551
1305031123.883786 1305031123.883819
1305031123.911243 1305031123.915794
1305031123.951442 1305031123.951530
1305031123.983415 1305031123.983421
1305031124.011302 1305031124.019737
1305031124.051505 1305031124.051531
1305031124.083837 1305031124.083902
1305031124.111331 1305031124.119669
1305031124.147446 1305031124.147458
1305031124.182694 1305031124.182707
1305031124.211396 1305031124.217179
1305031124.249327 1305031124.249340
1305031124.282545 1305031124.282555
1305031124.311361 1305031124.316782
1305031124.350354 1305031124.350371
1305031124.382420 1305031124.382432
1305031124.411439 1305031124.418555
1305031124.450245 1305031124.450256
1305031124.480099 1305031124.480126
1305031124.511324 1305031124.516737
1305031124.550437 1305031124.550503
1305031124.579404 1305031124.584606
1305031124.611358 1305031124.617653
1305031124.651271 1305031124.651313
1305031124.679362 1305031124.685473
1305031124.711251 1305031124.715791
1305031124.749890 1305031124.749941
1305031124.779365 1305031124.785178
1305031124.811360 1305031124.816641
1305031124.850535 1305031124.850559
1305031124.879355 1305031124.883594
1305031124.911448 1305031124.918770
1305031124.950730 1305031124.950748
1305031124.979438 1305031124.986460
1305031125.011454 1305031125.019467
1305031125.050763 1305031125.050798
1305031125.079364 1305031125.083480
1305031125.111364 1305031125.119029
1305031125.151013 1305031125.151037
1305031125.179353 1305031125.187064
1305031125.211320 1305031125.219018
1305031125.250632 1305031125.250642
1305031125.279467 1305031125.286396
1305031125.311493 1305031125.319140
1305031125.348880 1305031125.348899
1305031125.379401 1305031125.386792
1305031125.411335 1305031125.419574
1305031125.451195 1305031125.451232
1305031125.479424 1305031125.486999
1305031125.511316 1305031125.519354
1305031125.551020 1305031125.551050
1305031125.579308 1305031125.585303
1305031125.611533 1305031125.617870
1305031125.650575 1305031125.650354
1305031125.679328 1305031125.684602
1305031125.711443 1305031125.715669
1305031125.751260 1305031125.751292
1305031125.779348 1305031125.786805
1305031125.811573 1305031125.819450
1305031125.847412 1305031125.854774
1305031125.879318 1305031125.886645
1305031125.911305 1305031125.919334
1305031125.947343 1305031125.955252
1305031125.979324 1305031125.987094
1305031126.011333 1305031126.019572
1305031126.047324 1305031126.055038
1305031126.079356 1305031126.087076
1305031126.111370 1305031126.119452
1305031126.147432 1305031126.155000
1305031126.179384 1305031126.187174
1305031126.211319 1305031126.219473
1305031126.247298 1305031126.255236
1305031126.279363 1305031126.287105
1305031126.311332 1305031126.319787
1305031126.347363 1305031126.355415
1305031126.379423 1305031126.387483
1305031126.411465 1305031126.419793
1305031126.447361 1305031126.455380
1305031126.479533 1305031126.490386
1305031126.511410 1305031126.522321
1305031126.547374 1305031126.558209
1305031126.579454 1305031126.590176
1305031126.611528 1305031126.618687
1305031126.647376 1305031126.654474
1305031126.679479 1305031126.690022
1305031126.711583 1305031126.715770
1305031126.747316 1305031126.755374
1305031126.779379 1305031126.787565
1305031126.811602 1305031126.819929
1305031126.847343 1305031126.858378
1305031126.879357 1305031126.888154
1305031126.911364 1305031126.919409
1305031126.947437 1305031126.955501
1305031126.979337 1305031126.987316
1305031127.011371 1305031127.019524
1305031127.047297 1305031127.053318
1305031127.079299 1305031127.088649
1305031127.111435 1305031127.120963
1305031127.147307 1305031127.157692
1305031127.179349 1305031127.187500
1305031127.211700 1305031127.221831
1305031127.247374 1305031127.259761
1305031127.279465 1305031127.287038
1305031127.311362 1305031127.320468
1305031127.347356 1305031127.353407
1305031127.379262 1305031127.383713
1305031127.411371 1305031127.419650
1305031127.447333 1305031127.454246
1305031127.479362 1305031127.487200
1305031127.511356 1305031127.521900
1305031127.547348 1305031127.553725
1305031127.579345 1305031127.586632
1305031127.611271 1305031127.620657
1305031127.647358 1305031127.654656
1305031127.679298 1305031127.687110
1305031127.711375 1305031127.723210
1305031127.747304 1305031127.754694
1305031127.779346 1305031127.787641
1305031127.811829 1305031127.820128
1305031127.847366 1305031127.855132
1305031127.879380 1305031127.887122
1305031127.911476 1305031127.922560
1305031127.947366 1305031127.955088
1305031127.979371 1305031127.987093
1305031128.011427 1305031128.021776
1305031128.047369 1305031128.055718
1305031128.079334 1305031128.087206
1305031128.111391 1305031128.124746
1305031128.147418 1305031128.157782
1305031128.179350 1305031128.187221
1305031128.211447 1305031128.225442
1305031128.247480 1305031128.256007
1305031128.279336 1305031128.291275
1305031128.311483 1305031128.324170
1305031128.347423 1305031128.355206
1305031128.379404 1305031128.391397
1305031128.411337 1305031128.423609
1305031128.447296 1305031128.455499
1305031128.479296 1305031128.489523
1305031128.511433 1305031128.523604
1305031128.547399 1305031128.555639
1305031128.579455 1305031128.591460
1305031128.611395 1305031128.623368
1305031128.647352 1305031128.655554
1305031128.679282 1305031128.690449
1305031128.711457 1305031128.722976
1305031128.747363 1305031128.754646 