# timestamp tx ty tz qx qy qz qw
1305031229.528748 1.30181 0.673128 1.57072 0.683727 0.559864 -0.03292 -0.46689
1305031229.564425 1.30943 0.672949 1.58426 0.685289 0.57056 -0.0517644 -0.449623
1305031229.596600 1.3079 0.671367 1.57724 0.687321 0.575631 -0.0636035 -0.438398
1305031229.628753 1.29834 0.669431 1.59289 0.687422 0.586735 -0.0727163 -0.421788
1305031229.664657 1.29765 0.669735 1.58449 0.68727 0.589563 -0.081942 -0.416365
1305031229.696827 1.29517 0.668888 1.57017 0.687068 0.593021 -0.0973621 -0.408393
1305031229.729064 1.29783 0.672162 1.57339 0.686847 0.599407 -0.114119 -0.39488
1305031229.764848 1.29538 0.663808 1.57593 0.689065 0.601071 -0.126244 -0.384664
1305031229.796909 1.296 0.664291 1.56612 0.688838 0.60422 -0.145731 -0.373073
1305031229.825613 1.30114 0.677569 1.56849 0.688526 0.611177 -0.186104 -0.343161
1305031229.863055 1.30076 0.672805 1.57153 0.686484 0.616769 -0.203883 -0.326752
1305031229.896929 1.30073 0.676988 1.5675 0.683388 0.621782 -0.222876 -0.310958
1305031229.926248 1.30113 0.688198 1.56794 0.679333 0.62789 -0.240077 -0.294317
1305031229.966160 1.29898 0.688335 1.56745 0.676616 0.631795 -0.252106 -0.2819
1305031229.997917 1.29778 0.688201 1.5674 0.673244 0.635393 -0.263358 -0.271407
1305031230.029991 1.29889 0.684696 1.56861 0.670918 0.637526 -0.273937 -0.26151
1305031230.065687 1.29439 0.68247 1.56564 0.668758 0.639992 -0.283303 -0.250825
1305031230.098242 1.29628 0.67705 1.56921 0.66548 0.643638 -0.290646 -0.241645
1305031230.129919 1.2942 0.676062 1.56844 0.66228 0.646302 -0.30068 -0.230802
1305031230.165771 1.29423 0.674376 1.56564 0.657976 0.649137 -0.311332 -0.220817
1305031230.197772 1.29255 0.675428 1.56482 0.654029 0.651732 -0.322646 -0.208304
1305031230.229830 1.29287 0.663162 1.56733 0.650371 0.654997 -0.328688 -0.199902
1305031230.265580 1.29086 0.658935 1.56639 0.646861 0.656002 -0.339461 -0.189731
1305031230.297982 1.29295 0.654211 1.5645 0.642578 0.657211 -0.350975 -0.17884
1305031230.325685 1.29103 0.653456 1.56387 0.637933 0.6594 -0.36204 -0.164801
1305031230.365650 1.28007 0.641876 1.58221 0.63536 0.660448 -0.37917 -0.127892
1305031230.397265 1.28116 0.635947 1.5811 0.627329 0.662429 -0.395264 -0.106826
1305031230.425670 1.2771 0.633101 1.5831 0.620474 0.662717 -0.411001 -0.0830399
1305031230.465220 1.28307 0.626439 1.58323 0.610667 0.663802 -0.426968 -0.0644281
1305031230.497228 1.28018 0.624712 1.57986 0.599908 0.665188 -0.442624 -0.0414608
1305031230.526720 1.28175 0.622746 1.58222 0.589173 0.666463 -0.456335 -0.021463
1305031230.566084 1.28358 0.62149 1.57957 0.579359 0.667572 -0.46763 -0.00360509
1305031230.598825 1.2797 0.61518 1.57198 0.570214 0.66834 -0.477558 0.0107989
1305031230.626028 1.28104 0.614108 1.57757 0.563461 0.667434 -0.486128 0.0269022
1305031230.665795 1.27809 0.613096 1.57586 0.55491 0.666073 -0.496494 0.0437533
1305031230.697932 1.27557 0.60512 1.57291 0.544938 0.66483 -0.50767 0.0575736
1305031230.725671 1.27661 0.606824 1.58123 0.536978 0.660989 -0.518796 0.0748261
1305031230.765854 1.27481 0.598513 1.57423 0.513054 0.656077 -0.543361 0.105345
1305031230.797303 1.27932 0.591102 1.5738 0.502328 0.654505 -0.553127 0.115501
1305031230.825729 1.28986 0.579864 1.57393 0.491196 0.653064 -0.563046 0.123339
1305031230.865523 1.28935 0.574051 1.56505 0.489061 0.652589 -0.565322 0.123925
1305031230.897379 1.2889 0.574784 1.5619 0.488318 0.653019 -0.565946 0.121727
1305031230.925860 1.29188 0.575598 1.56741 0.489735 0.653983 -0.56397 0.120017
1305031230.964976 1.29037 0.572616 1.56343 0.490904 0.653553 -0.563548 0.119565
1305031230.997080 1.29506 0.572483 1.56092 0.492766 0.653314 -0.562851 0.116455
1305031231.025653 1.309 0.578639 1.5523 0.494127 0.655303 -0.561114 0.107554
1305031231.064422 1.3142 0.56412 1.54957 0.503309 0.656321 -0.554294 0.0931756
1305031231.096775 1.31587 0.583816 1.53101 0.525095 0.660734 -0.533594 0.054616
1305031231.125728 1.32872 0.587476 1.53228 0.539579 0.663461 -0.517549 0.0285769
1305031231.165241 1.31831 0.59123 1.52488 0.551429 0.666499 -0.501634 0.00829889
1305031231.197747 1.31155 0.599763 1.53186 0.563965 0.668369 -0.484891 -0.0103785
1305031231.225711 1.30289 0.619103 1.5395 0.57385 0.670594 -0.469497 -0.0239429
1305031231.265594 1.28615 0.624284 1.522 0.581527 0.671546 -0.457849 -0.0350323
1305031231.297846 1.27324 0.626293 1.50396 0.587145 0.672774 -0.44767 -0.0472002
1305031231.325741 1.27265 0.630819 1.50269 0.594523 0.673061 -0.435941 -0.0590566
1305031231.365066 1.27109 0.631691 1.49974 0.600497 0.673898 -0.424444 -0.0715045
1305031231.397128 1.27054 0.635245 1.49949 0.606958 0.674264 -0.412286 -0.0836112
1305031231.425688 1.27073 0.639723 1.50018 0.612757 0.673973 -0.401305 -0.0961432
1305031231.464918 1.26906 0.647508 1.50039 0.617925 0.673612 -0.390957 -0.107553
1305031231.493669 1.2705 0.646917 1.49605 0.623461 0.672565 -0.379471 -0.122291
1305031231.525755 1.26781 0.657291 1.49983 0.627687 0.673877 -0.366212 -0.133371
1305031231.565052 1.26226 0.69165 1.49675 0.630781 0.674525 -0.358125 -0.137395
1305031231.593737 1.26034 0.709718 1.49816 0.635841 0.674811 -0.343675 -0.149075
1305031231.625704 1.2575 0.716088 1.49358 0.639679 0.675018 -0.327471 -0.167106
1305031231.665045 1.25571 0.725896 1.49029 0.643016 0.674696 -0.309969 -0.18771
1305031231.693702 1.26236 0.722663 1.50721 0.64976 0.672852 -0.285117 -0.209262
1305031231.725886 1.26362 0.728317 1.51694 0.654931 0.670584 -0.266265 -0.224688
1305031231.765478 1.27331 0.723452 1.53234 0.658787 0.667543 -0.245743 -0.244942
1305031231.793723 1.27611 0.712709 1.54861 0.664426 0.663801 -0.224595 -0.259736
1305031231.825686 1.27646 0.725399 1.55751 0.667063 0.661363 -0.212671 -0.269064
1305031231.864940 1.27753 0.728738 1.5665 0.670236 0.657695 -0.196393 -0.282225
1305031231.893727 1.28093 0.719709 1.56143 0.672338 0.651609 -0.180369 -0.301388
1305031231.925706 1.27913 0.718969 1.56389 0.674935 0.646624 -0.166962 -0.313788
1305031231.965010 1.28245 0.718348 1.57273 0.675775 0.64344 -0.153931 -0.324989
1305031231.993726 1.28912 0.717235 1.5761 0.676973 0.63822 -0.141348 -0.338236
1305031232.025790 1.28652 0.714343 1.58434 0.678877 0.634141 -0.124508 -0.348553
1305031232.065122 1.28345 0.710679 1.59561 0.679301 0.630792 -0.1068 -0.359507
1305031232.093725 1.27982 0.6946 1.59524 0.680455 0.623845 -0.084993 -0.374933
1305031232.125662 1.27339 0.684063 1.59163 0.679934 0.618379 -0.0673162 -0.388285
1305031232.165032 1.27416 0.670174 1.58614 0.678316 0.612547 -0.051961 -0.40246
1305031232.193716 1.26854 0.656189 1.58418 0.67983 0.606073 -0.0378449 -0.411186
1305031232.225683 1.27411 0.650134 1.57446 0.678114 0.601257 -0.0303267 -0.421583
1305031232.262691 1.26971 0.650746 1.58617 0.677334 0.601578 -0.0210944 -0.422939
1305031232.293855 1.26101 0.655048 1.59603 0.678013 0.599977 -0.0115892 -0.42449
1305031232.325619 1.27283 0.65209 1.58694 0.675223 0.594825 -0.0048546 -0.436158
1305031232.364738 1.28496 0.649013 1.58587 0.672183 0.591232 0.00177398 -0.445658
1305031232.393714 1.27146 0.642897 1.59274 0.67129 0.587574 0.0185172 -0.451423
1305031232.425721 1.26709 0.642299 1.59307 0.669929 0.582288 0.0335051 -0.459361
1305031232.464703 1.26874 0.638746 1.59509 0.666211 0.578551 0.046451 -0.468278
1305031232.493650 1.27169 0.635085 1.5984 0.663308 0.574086 0.0560502 -0.476766
1305031232.525781 1.27549 0.636731 1.60509 0.659804 0.570448 0.0682273 -0.484347
1305031232.564714 1.28128 0.639822 1.60801 0.655542 0.56592 0.0815644 -0.493302
1305031232.593722 1.28536 0.641625 1.61095 -0.649265 -0.562126 -0.0932016 0.503769
1305031232.625783 1.28495 0.639145 1.60725 -0.647868 -0.553601 -0.103274 0.51296
1305031232.664695 1.27985 0.637668 1.60878 -0.645052 -0.549003 -0.116397 0.518609
1305031232.693701 1.29206 0.6433 1.61063 -0.643542 -0.545196 -0.11626 0.524499
1305031232.725876 1.29687 0.659255 1.60858 -0.646581 -0.54103 -0.108695 0.526692
1305031232.761719 1.30726 0.660512 1.60238 -0.649868 -0.536605 -0.102604 0.528392
1305031232.793672 1.30769 0.658366 1.57877 -0.655581 -0.532261 -0.0888262 0.528226
1305031232.825767 1.31394 0.656579 1.57424 -0.661192 -0.536449 -0.064815 0.520429
1305031232.861666 1.3189 0.651845 1.56504 -0.668689 -0.541066 -0.0369916 0.508659
1305031232.893683 1.31109 0.649207 1.57336 0.674142 0.552377 0.0202256 -0.489901
1305031232.925756 1.31279 0.649127 1.59134 0.678956 0.558339 0.0144745 -0.476515
1305031232.961662 1.3143 0.651592 1.5894 0.682073 0.56114 0.0124712 -0.468767
1305031232.993641 1.30639 0.650065 1.58304 0.687464 0.560954 0.00891643 -0.461133
1305031233.025746 1.30827 0.648738 1.56034 0.68893 0.564077 -0.0117465 -0.455032
1305031233.061697 1.30613 0.635503 1.54957 0.694593 0.569892 -0.0368427 -0.4375
1305031233.093701 1.29175 0.622542 1.54402 0.701334 0.596067 -0.102077 -0.377379
1305031233.125846 1.2903 0.620099 1.53251 0.701137 0.605576 -0.131213 -0.352799
1305031233.161744 1.2854 0.622788 1.53993 0.699584 0.617415 -0.157761 -0.323254
1305031233.193761 1.28408 0.646287 1.55366 0.698182 0.626099 -0.181651 -0.29588
1305031233.225763 1.28599 0.647417 1.55046 0.69518 0.630086 -0.192399 -0.287575
1305031233.261687 1.28216 0.646464 1.54769 0.691011 0.63546 -0.201862 -0.279188
1305031233.293802 1.28113 0.634495 1.54129 0.68964 0.637214 -0.213298 -0.269923
1305031233.325798 1.27519 0.632838 1.5449 0.686925 0.642301 -0.230477 -0.249928
1305031233.361800 1.27478 0.634586 1.5453 0.681804 0.647223 -0.250859 -0.230899
1305031233.393685 1.27811 0.634072 1.53916 0.677053 0.649722 -0.268882 -0.217172
1305031233.425708 1.27431 0.647899 1.53651 0.671221 0.654563 -0.283404 -0.201723
1305031233.461836 1.27819 0.665461 1.52926 0.664417 0.658712 -0.293491 -0.196244
1305031233.493692 1.27722 0.674361 1.52352 0.662058 0.661269 -0.292147 -0.197618
1305031233.525708 1.27888 0.677497 1.52491 0.663328 0.662041 -0.285229 -0.200852
1305031233.561785 1.276 0.676187 1.53521 0.666263 0.662146 -0.278002 -0.200925
1305031233.593760 1.27809 0.672421 1.53487 0.665889 0.661334 -0.278292 -0.204407
1305031233.625707 1.27822 0.671462 1.53491 0.665044 0.661592 -0.279827 -0.204226
1305031233.661700 1.27295 0.676099 1.5324 0.664984 0.660343 -0.283988 -0.202718
1305031233.693779 1.27323 0.679185 1.53254 0.663693 0.659176 -0.28681 -0.206731
1305031233.725575 1.26731 0.680607 1.52985 0.662707 0.657087 -0.289755 -0.212364
1305031233.761643 1.2729 0.687255 1.53366 0.661656 0.653747 -0.294034 -0.219932
1305031233.793747 1.26595 0.689004 1.52971 0.660335 0.651335 -0.295647 -0.228721
1305031233.825687 1.26748 0.691004 1.53651 0.660463 0.647288 -0.297332 -0.237489
1305031233.861613 1.26824 0.689512 1.54111 0.656929 0.64542 -0.300071 -0.248665
1305031233.893718 1.27301 0.690389 1.54082 0.654966 0.641523 -0.304528 -0.258323
1305031233.925841 1.26533 0.683926 1.54137 0.653998 0.638009 -0.306647 -0.266831
1305031233.961748 1.26951 0.686859 1.54674 0.647804 0.632387 -0.315871 -0.284013
1305031233.993722 1.26502 0.686703 1.5462 0.64667 0.628453 -0.320312 -0.290285
1305031234.025786 1.26536 0.686702 1.54623 0.642887 0.624682 -0.327258 -0.298951
1305031234.061675 1.26614 0.688295 1.54555 0.639143 0.622115 -0.333306 -0.305576
1305031234.093790 1.26485 0.687872 1.54727 0.636889 0.618222 -0.338566 -0.312327
1305031234.129606 1.2579 0.69141 1.55011 0.633462 0.614766 -0.345499 -0.318464
1305031234.161729 1.26236 0.690298 1.5477 0.626722 0.609435 -0.354105 -0.332292
1305031234.193710 1.261 0.691637 1.55309 0.624322 0.604282 -0.359841 -0.339969
1305031234.229746 1.25571 0.692578 1.56061 0.620083 0.597444 -0.369227 -0.349612
1305031234.261752 1.26204 0.691676 1.55864 0.611932 0.5907 -0.381695 -0.361831
1305031234.293697 1.25801 0.690206 1.56141 0.605388 0.585968 -0.390347 -0.371182
1305031234.329654 1.25804 0.694431 1.56067 0.59757 0.57844 -0.402929 -0.382055
1305031234.361612 1.2646 0.691704 1.56514 0.589714 0.573204 -0.41022 -0.394201
1305031234.393723 1.26566 0.698992 1.57317 0.577637 0.559331 -0.428155 -0.412515
1305031234.429703 1.26335 0.698483 1.57668 0.569248 0.552005 -0.436922 -0.424673
1305031234.461690 1.27508 0.694107 1.5697 0.560059 0.544972 -0.445606 -0.436778
1305031234.493831 1.26926 0.696613 1.57134 0.554176 0.541161 -0.450955 -0.443479
1305031234.529645 1.27858 0.694791 1.57029 0.548207 0.536309 -0.455593 -0.451971
1305031234.561675 1.28292 0.695548 1.56998 0.544203 0.53431 -0.458512 -0.456204
1305031234.593780 1.29367 0.689197 1.56417 0.542947 0.534741 -0.456593 -0.459112
1305031234.630013 1.29565 0.689207 1.56736 0.546459 0.536983 -0.454171 -0.45471
1305031234.661618 1.30316 0.686108 1.56451 0.549763 0.54187 -0.450245 -0.448795
1305031234.693750 1.29293 0.686499 1.56031 0.554438 0.54578 -0.446768 -0.441725
1305031234.729764 1.29702 0.687533 1.54885 0.558595 0.550358 -0.44388 -0.433647
1305031234.761815 1.28806 0.691894 1.54577 0.565424 0.55598 -0.438515 -0.422949
1305031234.793716 1.28733 0.687344 1.54789 0.571796 0.559487 -0.43239 -0.416008
1305031234.829772 1.29899 0.684938 1.54244 0.573809 0.564667 -0.427849 -0.410901
1305031234.861873 1.28985 0.689106 1.53127 0.581246 0.570804 -0.420499 -0.399396
1305031234.893760 1.28705 0.689395 1.53237 0.588639 0.574654 -0.413444 -0.390309
1305031234.929666 1.2822 0.691063 1.52633 0.593037 0.58099 -0.406538 -0.381423
1305031234.961659 1.28585 0.693158 1.52549 0.598529 0.586779 -0.397481 -0.373447
1305031234.993749 1.28525 0.696085 1.52331 0.606359 0.593416 -0.385918 -0.362289
1305031235.029701 1.27691 0.695346 1.52018 0.614211 0.59911 -0.374193 -0.351842
1305031235.061591 1.2853 0.689433 1.51761 0.619077 0.603668 -0.365162 -0.344943
1305031235.093621 1.28181 0.69474 1.50723 0.628047 0.609578 -0.355919 -0.327557
1305031235.129679 1.27989 0.69511 1.51435 0.636344 0.615132 -0.343926 -0.313678
1305031235.161491 1.28132 0.693984 1.50725 0.642908 0.619342 -0.335438 -0.300943
1305031235.193605 1.2826 0.694662 1.50136 0.649677 0.623617 -0.32647 -0.287124
1305031235.229635 1.27821 0.698646 1.49512 0.656784 0.626874 -0.318265 -0.27271
1305031235.261629 1.28221 0.698762 1.48802 0.663453 0.630468 -0.308425 -0.259259
1305031235.293677 1.28134 0.698062 1.48892 0.670136 0.635119 -0.295686 -0.245178
1305031235.329649 1.28342 0.694499 1.48023 0.676339 0.637958 -0.285297 -0.232767
1305031235.361653 1.28146 0.696975 1.48049 0.68259 0.642306 -0.273644 -0.215946
1305031235.393686 1.28484 0.695906 1.47356 0.688109 0.644771 -0.264659 -0.201821
1305031235.429666 1.28957 0.698509 1.46183 0.691699 0.648339 -0.256909 -0.187634
1305031235.461669 1.28848 0.693813 1.46379 0.698046 0.65148 -0.240919 -0.173963
1305031235.493665 1.28317 0.699787 1.46226 0.702934 0.654907 -0.229298 -0.156217
1305031235.529738 1.29063 0.69924 1.45313 0.705566 0.657093 -0.220526 -0.147555
1305031235.561675 1.29204 0.699174 1.45073 0.709657 0.658874 -0.209439 -0.135671
1305031235.593726 1.28347 0.700374 1.45551 0.714173 0.661335 -0.195171 -0.120422
1305031235.629798 1.28394 0.697423 1.45176 0.717972 0.66222 -0.184758 -0.108838
1305031235.661669 1.28019 0.698582 1.45106 0.720196 0.66438 -0.174447 -0.097387
1305031235.693698 1.28804 0.695371 1.44594 0.722147 0.664413 -0.168634 -0.0928553
1305031235.729661 1.30163 0.691088 1.41585 0.72244 0.665866 -0.162434 -0.0912009
1305031235.761818 1.30478 0.690935 1.41252 0.722953 0.66672 -0.158164 -0.0883551
1305031235.793628 1.30482 0.691818 1.41056 0.724056 0.666864 -0.154503 -0.0846407
1305031235.829663 1.30691 0.690969 1.40827 0.726417 0.665879 -0.149318 -0.0814101
1305031235.861603 1.31226 0.689707 1.40254 0.726531 0.665593 -0.148522 -0.0841389
1305031235.893698 1.31162 0.689683 1.40146 0.725006 0.666528 -0.149349 -0.0883247
1305031235.929664 1.31146 0.687991 1.39909 0.72483 0.665319 -0.151844 -0.0944215
1305031235.961704 1.31302 0.689033 1.39724 0.723798 0.663364 -0.159774 -0.10265
1305031235.993673 1.31174 0.690187 1.3984 0.722469 0.661806 -0.167846 -0.108993
1305031236.029652 1.31358 0.688305 1.40161 0.720907 0.659727 -0.176356 -0.118114
1305031236.061630 1.31658 0.684522 1.40227 0.720196 0.655725 -0.185631 -0.129935
1305031236.093688 1.31068 0.68536 1.40899 0.71777 0.654174 -0.193377 -0.139525
1305031236.129660 1.31438 0.68427 1.41173 0.715165 0.651935 -0.202109 -0.150571
1305031236.161670 1.3117 0.685221 1.41848 0.71133 0.650385 -0.2119 -0.161575
1305031236.193597 1.30661 0.684661 1.42362 0.707369 0.650439 -0.217906 -0.170514
1305031236.229721 1.30596 0.683486 1.4281 0.70304 0.648438 -0.227424 -0.183143
1305031236.261669 1.29161 0.688121 1.44166 0.699532 0.649015 -0.232931 -0.187557
1305031236.293648 1.2719 0.696662 1.46414 0.698923 0.650339 -0.234665 -0.183025
1305031236.329663 1.25017 0.705089 1.48793 0.698414 0.651061 -0.237127 -0.179191
1305031236.361588 1.24939 0.703411 1.49904 0.694145 0.649409 -0.246035 -0.189468
1305031236.393685 1.24915 0.704089 1.50478 0.691131 0.645862 -0.256458 -0.19857
1305031236.429662 1.25146 0.69659 1.51222 0.684789 0.644058 -0.265511 -0.21391
1305031236.461654 1.25262 0.699 1.51615 0.678103 0.641896 -0.277543 -0.226089
1305031236.493658 1.254 0.696023 1.52668 0.673557 0.639093 -0.284998 -0.238027
1305031236.529695 1.25519 0.691785 1.53279 0.666626 0.636546 -0.294626 -0.25222
1305031236.561678 1.2559 0.690794 1.54022 0.660676 0.633118 -0.305393 -0.263446
1305031236.593682 1.26008 0.688872 1.54576 0.654821 0.629025 -0.316531 -0.274491
1305031236.629642 1.26064 0.689088 1.55496 0.64921 0.624489 -0.328258 -0.284229
1305031236.661655 1.2654 0.688162 1.55965 0.640964 0.620584 -0.340143 -0.297228
1305031236.693667 1.26721 0.688706 1.56969 0.634382 0.616987 -0.34913 -0.308212
1305031236.729693 1.26811 0.689311 1.57544 0.627511 0.612302 -0.358899 -0.320167
1305031236.761749 1.26918 0.688341 1.5796 0.618086 0.607092 -0.369343 -0.336147
1305031236.793675 1.27547 0.686319 1.58136 0.612436 0.599743 -0.378714 -0.349007
1305031236.829705 1.27259 0.688669 1.59102 0.607442 0.59418 -0.387403 -0.357607
1305031236.861617 1.27979 0.684152 1.59039 0.600543 0.586717 -0.397036 -0.370774
1305031236.893505 1.28339 0.686619 1.5946 0.59435 0.582046 -0.404218 -0.380234
1305031236.929669 1.28617 0.687079 1.59347 0.587435 0.57628 -0.41088 -0.392428
1305031236.961639 1.28928 0.687808 1.59696 0.583283 0.570005 -0.415907 -0.402363
1305031236.993680 1.29131 0.683811 1.60103 0.577908 0.563508 -0.421551 -0.413252
1305031237.029714 1.29445 0.682495 1.59953 0.572688 0.558533 -0.426961 -0.421632
1305031237.061729 1.29781 0.681893 1.60335 0.568024 0.553984 -0.430947 -0.429809
1305031237.093695 1.29664 0.684596 1.60864 0.56635 0.546933 -0.437011 -0.434895
1305031237.129774 1.30552 0.67864 1.6029 0.560049 0.542306 -0.442875 -0.442844
1305031237.161661 1.30397 0.682108 1.60952 0.557492 0.538981 -0.446158 -0.446817
1305031237.193642 1.31299 0.682071 1.61149 0.554715 0.53283 -0.45186 -0.451892
1305031237.229691 1.33052 0.687332 1.63958 0.554719 0.528285 -0.455335 -0.45373
1305031237.261663 1.33131 0.687557 1.64176 0.554166 0.52687 -0.456739 -0.454639
1305031237.293709 1.33448 0.690352 1.64091 0.552706 0.52504 -0.457783 -0.457476
1305031237.329672 1.339 0.687555 1.63876 0.553939 0.524307 -0.45804 -0.456566
1305031237.361618 1.33033 0.688699 1.64119 0.554351 0.525268 -0.457426 -0.455576
1305031237.393671 1.32707 0.690421 1.64045 0.552215 0.522997 -0.459196 -0.458991
1305031237.429793 1.34902 0.686058 1.64018 0.552982 0.522908 -0.459054 -0.458309
1305031237.461646 1.32864 0.688394 1.63963 0.556526 0.524289 -0.457668 -0.453806
1305031237.493702 1.32233 0.687785 1.63842 0.55434 0.520491 -0.461809 -0.456649
1305031237.529735 1.34383 0.685892 1.64259 0.554739 0.522639 -0.462486 -0.453012
1305031237.561669 1.34584 0.687365 1.63888 0.558758 0.525884 -0.460573 -0.446215
1305031237.593680 1.34335 0.687074 1.64127 0.56338 0.530671 -0.45909 -0.436151
1305031237.629705 1.35142 0.686517 1.6248 0.564286 0.537773 -0.457102 -0.428298
1305031237.661656 1.35448 0.692909 1.60638 0.569052 0.545926 -0.453054 -0.415797
1305031237.693693 1.34116 0.694506 1.5926 0.574819 0.558147 -0.441871 -0.403491
1305031237.729752 1.34087 0.695625 1.60075 0.581834 0.570429 -0.42685 -0.392273
1305031237.761654 1.34496 0.68484 1.57474 0.587551 0.579168 -0.415447 -0.383082
1305031237.793725 1.3307 0.682609 1.58997 0.598733 0.592264 -0.398416 -0.363327
1305031237.829769 1.32854 0.683948 1.58912 0.605333 0.601765 -0.388083 -0.347624
1305031237.861836 1.32507 0.685379 1.58523 0.610775 0.611439 -0.37674 -0.333413
1305031237.893771 1.33182 0.684072 1.57494 0.617456 0.618228 -0.364968 -0.321466
1305031237.929849 1.32142 0.683044 1.58374 0.6266 0.628462 -0.346729 -0.303623
1305031237.961658 1.32448 0.681107 1.57966 0.63254 0.635049 -0.334637 -0.290901
1305031237.993683 1.32629 0.680367 1.56979 0.637066 0.641825 -0.323223 -0.278809
1305031238.029709 1.31993 0.680169 1.56996 0.644321 0.648015 -0.308643 -0.263945
1305031238.061670 1.31876 0.678086 1.56876 0.649023 0.653364 -0.296628 -0.252775
1305031238.093685 1.31752 0.675208 1.56565 0.651762 0.658976 -0.286222 -0.24297
1305031238.129747 1.31358 0.677555 1.56419 0.653766 0.663198 -0.280267 -0.232828
1305031238.161682 1.31625 0.676872 1.56032 0.655547 0.667071 -0.273923 -0.224145
1305031238.193792 1.32091 0.676881 1.55333 0.656411 0.670716 -0.268931 -0.21666
1305031238.230012 1.32415 0.673833 1.54671 0.658976 0.673513 -0.261294 -0.209418
1305031238.261604 1.32629 0.672936 1.54035 0.660715 0.67658 -0.253749 -0.20324
1305031238.293671 1.33065 0.671379 1.53596 0.663572 0.679126 -0.245033 -0.196005
1305031238.329662 1.33215 0.669931 1.5301 0.666062 0.681955 -0.236794 -0.187691
1305031238.361640 1.33377 0.668938 1.52733 0.668296 0.683859 -0.231148 -0.179689
1305031238.393667 1.33428 0.668197 1.52635 0.670725 0.68601 -0.224308 -0.170894
1305031238.429673 1.33554 0.668644 1.52365 0.672656 0.688784 -0.216636 -0.161801
1305031238.461685 1.3381 0.668088 1.51737 0.674821 0.689015 -0.212685 -0.15697
1305031238.493679 1.3386 0.666609 1.51397 0.676743 0.689265 -0.209078 -0.152379
1305031238.529670 1.34071 0.666492 1.51543 0.678108 0.690132 -0.20529 -0.147456
1305031238.561624 1.34341 0.665036 1.51057 0.678401 0.691537 -0.201462 -0.14478
1305031238.593741 1.34389 0.663423 1.51314 0.679379 0.692863 -0.195571 -0.141905
1305031238.629751 1.34444 0.66437 1.51101 0.680603 0.693998 -0.190674 -0.137073
1305031238.661628 1.34636 0.664136 1.5047 0.680371 0.695023 -0.188717 -0.135738
1305031238.693855 1.34725 0.662948 1.50432 0.679675 0.695664 -0.188225 -0.136618
1305031238.729729 1.35079 0.662273 1.50186 0.680175 0.694442 -0.189276 -0.138875
1305031238.761658 1.35086 0.661192 1.49986 0.679864 0.693057 -0.191739 -0.143852
1305031238.793691 1.3501 0.662782 1.50266 0.678898 0.692813 -0.193963 -0.146579
1305031238.829730 1.35201 0.66302 1.49911 0.678399 0.691062 -0.199379 -0.149855
1305031238.861826 1.35035 0.662426 1.49952 0.677834 0.689249 -0.204711 -0.153525
1305031238.893734 1.34937 0.663428 1.50013 0.676107 0.687903 -0.210901 -0.158711
1305031238.929837 1.34803 0.662945 1.50159 0.674789 0.685959 -0.216471 -0.165107
1305031238.961656 1.34447 0.660848 1.50205 0.673563 0.683633 -0.222165 -0.172051
1305031238.993704 1.3439 0.662931 1.50253 0.671843 0.681221 -0.23003 -0.177908
1305031239.029670 1.34168 0.662273 1.50368 0.671617 0.676422 -0.239644 -0.184268
1305031239.061677 1.33345 0.664429 1.51261 0.668629 0.676283 -0.245284 -0.188181
1305031239.093689 1.30377 0.6753 1.54071 0.671348 0.677689 -0.24261 -0.176552
1305031239.129738 1.29127 0.680301 1.55631 0.670982 0.676531 -0.245759 -0.17802
1305031239.161756 1.2909 0.683039 1.55731 0.668207 0.673519 -0.25386 -0.188218
1305031239.193706 1.28991 0.684879 1.55891 0.665546 0.670704 -0.260515 -0.198334
1305031239.229882 1.28501 0.684988 1.56354 0.663132 0.667861 -0.266595 -0.207715
1305031239.261721 1.2892 0.683515 1.56752 0.660361 0.663924 -0.273979 -0.219232
1305031239.293674 1.28452 0.682203 1.57354 0.65905 0.660035 -0.27979 -0.227431
1305031239.329705 1.28528 0.680042 1.57874 0.65612 0.654759 -0.289538 -0.238673
1305031239.361715 1.27865 0.68149 1.58683 0.652767 0.65037 -0.299386 -0.247553
1305031239.393718 1.27327 0.689312 1.59365 0.652483 0.64017 -0.314609 -0.25587
1305031239.429744 1.28355 0.680629 1.59588 0.648397 0.630256 -0.328385 -0.272987
1305031239.461708 1.28413 0.684036 1.5994 0.641917 0.62594 -0.34281 -0.280398
1305031239.493720 1.28252 0.690236 1.60535 0.635698 0.62163 -0.355195 -0.288619
1305031239.529662 1.28471 0.686124 1.60781 0.627457 0.617759 -0.363959 -0.303654
1305031239.561733 1.28861 0.689922 1.60795 0.620632 0.613235 -0.373135 -0.315483
1305031239.593921 1.28418 0.690385 1.61575 0.616561 0.608468 -0.379178 -0.325335
1305031239.629723 1.28791 0.687703 1.61787 0.610242 0.602158 -0.388506 -0.337747
1305031239.661659 1.28995 0.685747 1.62275 0.605115 0.596705 -0.396799 -0.346886
1305031239.693733 1.28969 0.687556 1.63102 0.598772 0.590914 -0.407029 -0.355839
1305031239.729894 1.29151 0.69583 1.63278 0.589966 0.582178 -0.421874 -0.367465
1305031239.761913 1.29904 0.688831 1.62461 0.581482 0.574287 -0.432536 -0.38077
1305031239.793585 1.29308 0.695083 1.64071 0.577616 0.567068 -0.441562 -0.387061
1305031239.829666 1.28901 0.697743 1.63748 0.56751 0.555574 -0.456771 -0.400787
1305031239.861692 1.30367 0.691131 1.63916 0.5601 0.548552 -0.464335 -0.412034
1305031239.893740 1.29308 0.694638 1.63765 0.5549 0.53804 -0.475106 -0.420563
1305031239.929706 1.30355 0.694005 1.63993 0.546778 0.529264 -0.485177 -0.430716
1305031239.961710 1.30668 0.69642 1.63469 0.539147 0.522934 -0.491027 -0.441309
1305031239.993691 1.30753 0.696741 1.63934 0.534527 0.51488 -0.496352 -0.450349
1305031240.029620 1.3164 0.68875 1.64106 0.530157 0.508707 -0.501383 -0.45691
1305031240.061929 1.32397 0.670048 1.6475 0.525516 0.501231 -0.504612 -0.466871
1305031240.093651 1.33724 0.664065 1.65404 0.523946 0.497085 -0.507057 -0.470404
1305031240.129665 1.35401 0.65862 1.65692 0.52447 0.49786 -0.506948 -0.469117
1305031240.161723 1.35718 0.658693 1.65612 0.526636 0.499398 -0.505081 -0.467064
1305031240.193676 1.36012 0.65633 1.6571 0.530159 0.502551 -0.502745 -0.462192
1305031240.229661 1.35268 0.66185 1.65246 0.53208 0.50872 -0.498738 -0.457553
1305031240.261700 1.35344 0.659747 1.65148 0.535056 0.511057 -0.495454 -0.45504
1305031240.293646 1.36277 0.659863 1.65166 0.539454 0.518854 -0.488209 -0.448811
1305031240.329670 1.34787 0.659753 1.64556 0.543913 0.52287 -0.482427 -0.445005
1305031240.361685 1.35992 0.656232 1.65044 0.547599 0.52801 -0.476601 -0.440672
1305031240.393695 1.36507 0.665787 1.62712 0.549486 0.536464 -0.469733 -0.435457
1305031240.429707 1.35698 0.66803 1.61748 0.560522 0.550671 -0.451566 -0.422687
1305031240.461673 1.35377 0.662976 1.59551 0.563743 0.560656 -0.440038 -0.417402
1305031240.493713 1.33762 0.665137 1.59847 0.575303 0.570323 -0.425115 -0.403778
1305031240.529672 1.34021 0.658921 1.58655 0.580488 0.576692 -0.415598 -0.397162
1305031240.561748 1.33466 0.663818 1.58282 0.590801 0.588094 -0.400469 -0.380426
1305031240.593679 1.33101 0.659969 1.58485 0.603069 0.592585 -0.387839 -0.367057
1305031240.631058 1.33032 0.661959 1.57868 0.611649 0.598992 -0.379732 -0.350567
1305031240.661629 1.32936 0.663768 1.57796 0.620069 0.607442 -0.367995 -0.333328
1305031240.693800 1.33331 0.66055 1.57412 0.634253 0.621758 -0.34411 -0.304514
1305031240.729633 1.32394 0.664803 1.57446 0.640736 0.630097 -0.331066 -0.287803
1305031240.761607 1.32498 0.664305 1.57199 0.645726 0.63496 -0.319767 -0.278592
1305031240.793590 1.32969 0.666151 1.56068 0.651817 0.637748 -0.310517 -0.268312
1305031240.829620 1.3375 0.66033 1.5544 0.661971 0.638488 -0.296973 -0.256779
1305031240.893685 1.33921 0.651413 1.55357 0.679804 0.63917 -0.278326 -0.227735
1305031240.929673 1.34128 0.650793 1.54296 0.685224 0.640691 -0.274136 -0.211736
1305031240.961709 1.33636 0.65244 1.53696 0.687881 0.643679 -0.269 -0.200342
1305031240.993643 1.32527 0.661472 1.54145 0.689713 0.646646 -0.26328 -0.191907
1305031241.029623 1.32224 0.65946 1.54116 0.685664 0.65045 -0.257762 -0.200842
1305031241.061990 1.31534 0.663329 1.54754 0.687066 0.650443 -0.256571 -0.197574
1305031241.093615 1.31693 0.665317 1.55115 0.679794 0.651793 -0.265343 -0.206495
1305031241.129761 1.31611 0.665779 1.55386 0.677488 0.653143 -0.265671 -0.209363
1305031241.193714 1.31878 0.664287 1.55472 0.673868 0.654792 -0.267056 -0.214081
1305031241.229602 1.31769 0.666557 1.55827 0.671338 0.656357 -0.26812 -0.215901
1305031241.261662 1.32381 0.660968 1.55752 0.668083 0.657725 -0.268734 -0.221008
1305031241.293804 1.31731 0.660818 1.56136 0.663502 0.662797 -0.268808 -0.219561
1305031241.329910 1.32087 0.658878 1.55972 0.655855 0.66688 -0.274757 -0.222786
1305031241.393718 1.32753 0.660087 1.55675 0.649827 0.671635 -0.278007 -0.222134
1305031241.429669 1.32445 0.658623 1.55886 0.64085 0.680963 -0.276379 -0.221845
1305031241.461678 1.32598 0.659378 1.55828 0.631213 0.689454 -0.275708 -0.224073
1305031241.493736 1.3297 0.664133 1.55626 0.620315 0.699683 -0.273619 -0.225357
1305031241.561686 1.32774 0.666383 1.55399 0.608989 0.711597 -0.266038 -0.228003
1305031241.593680 1.32679 0.66528 1.55761 0.598614 0.722883 -0.254391 -0.23321
1305031241.661658 1.32677 0.664148 1.55713 0.586428 0.734819 -0.243513 -0.238419
1305031241.693629 1.32574 0.662669 1.55834 0.574909 0.745798 -0.231644 -0.244143
1305031241.729700 1.32754 0.654358 1.55986 0.563917 0.755561 -0.217986 -0.252205
1305031241.761678 1.32765 0.649703 1.55985 0.553318 0.764533 -0.210053 -0.255354
1305031241.793694 1.32057 0.648116 1.56658 0.529637 0.783599 -0.198268 -0.25719
1305031241.829759 1.31826 0.650938 1.56896 0.514436 0.794152 -0.19212 -0.260323
1305031241.861672 1.31813 0.64954 1.57212 0.48555 0.810563 -0.178003 -0.274852
1305031241.893622 1.3189 0.64737 1.57229 0.472124 0.81799 -0.170521 -0.280918
1305031241.929686 1.31453 0.646342 1.57816 0.45585 0.827374 -0.164306 -0.283999
1305031241.961685 1.31583 0.650366 1.58226 0.438945 0.836235 -0.158755 -0.287811
1305031241.993687 1.31173 0.641309 1.58734 0.415985 0.847294 -0.145269 -0.296558
1305031242.029756 1.31986 0.640923 1.5844 0.368087 0.866229 -0.13483 -0.309806
1305031242.061654 1.31649 0.641074 1.5883 0.347265 0.87582 -0.123904 -0.311438
1305031242.093725 1.31578 0.641406 1.59087 0.329628 0.882494 -0.112826 -0.315942
1305031242.129682 1.31987 0.630771 1.58413 0.306914 0.889044 -0.100786 -0.324416
1305031242.161668 1.32307 0.629258 1.58531 0.257827 0.906297 -0.0887496 -0.322916
1305031242.193683 1.31968 0.624578 1.58821 0.236516 0.913627 -0.0742878 -0.322222
1305031242.261884 1.32603 0.621097 1.58025 0.203898 0.923941 -0.0614085 -0.317785
1305031242.293820 1.32719 0.615233 1.57814 0.185827 0.929757 -0.0505659 -0.313789
1305031242.361729 1.32798 0.610032 1.57752 0.14656 0.939245 -0.0241357 -0.309444
1305031242.393679 1.33231 0.613892 1.57589 0.12857 0.943039 -0.0160592 -0.306412
1305031242.429711 1.33593 0.612656 1.56813 0.104841 0.948357 0.00294297 -0.299365
1305031242.461695 1.33965 0.609648 1.56822 0.0935608 0.950637 0.0127754 -0.29559
1305031242.493742 1.34303 0.603076 1.56034 0.0814549 0.950989 0.0242151 -0.297318
1305031242.561569 1.34499 0.600947 1.56291 0.070988 0.95159 0.0316549 -0.297381
1305031242.593693 1.34199 0.602358 1.55778 0.070519 0.95037 0.0346895 -0.301034
1305031242.629711 1.34411 0.604824 1.5379 0.0792392 0.947458 0.024077 -0.308974
1305031242.661782 1.34774 0.599008 1.54185 0.0947809 0.946674 0.0155925 -0.307542
1305031242.729791 1.3423 0.600668 1.53585 0.137878 0.937389 -0.0163073 -0.319416
1305031242.761930 1.34485 0.601005 1.53975 0.153339 0.934943 -0.0298308 -0.318557
1305031242.829812 1.34049 0.599341 1.53987 0.179086 0.928097 -0.0424524 -0.323669
1305031242.861682 1.33261 0.602855 1.54875 0.199807 0.924363 -0.0581477 -0.319764
1305031242.929677 1.3257 0.596038 1.55861 0.216585 0.92134 -0.0663516 -0.315945
1305031242.961731 1.32304 0.599999 1.56693 0.23641 0.914405 -0.0795834 -0.31881
1305031243.029664 1.32732 0.599103 1.55898 0.25571 0.905935 -0.0895919 -0.325373
1305031243.061704 1.3253 0.595513 1.56199 0.271397 0.899727 -0.093129 -0.328879
1305031243.093739 1.32531 0.596293 1.54708 0.290773 0.889306 -0.106543 -0.336503
1305031243.129686 1.32523 0.593542 1.55092 0.306787 0.882442 -0.117146 -0.336831
1305031243.161643 1.31916 0.588861 1.55978 0.328064 0.873961 -0.120946 -0.337548
1305031243.193652 1.31111 0.58223 1.55575 0.350488 0.859356 -0.134789 -0.347127
1305031243.229716 1.31459 0.596632 1.55967 0.370755 0.84631 -0.158814 -0.347964
1305031243.293654 1.30819 0.594031 1.56446 0.39843 0.830782 -0.164893 -0.351946
1305031243.329803 1.29861 0.596164 1.56231 0.431023 0.809088 -0.1849 -0.35413
1305031243.361686 1.30054 0.600102 1.56621 0.454629 0.790516 -0.214441 -0.349874
1305031243.393708 1.2973 0.610601 1.58125 0.483126 0.769781 -0.23584 -0.344102
1305031243.429782 1.30047 0.613613 1.57968 0.509381 0.744475 -0.258846 -0.34538
1305031243.461622 1.29911 0.611828 1.57606 0.528948 0.723259 -0.281355 -0.343438
1305031243.497629 1.30162 0.627435 1.5779 0.547937 0.703187 -0.304796 -0.335249
1305031243.529705 1.30106 0.637333 1.57977 0.564882 0.685078 -0.320708 -0.329733
1305031243.561795 1.30195 0.64348 1.58283 0.576458 0.669509 -0.333138 -0.329352
1305031243.597678 1.3129 0.643115 1.57616 0.587235 0.652686 -0.34379 -0.333114
1305031243.629640 1.31374 0.643277 1.5743 0.610978 0.62746 -0.35624 -0.32572
1305031243.661719 1.32012 0.648133 1.56234 0.632769 0.600352 -0.377473 -0.310958
1305031243.697682 1.32078 0.651421 1.56372 0.648415 0.583729 -0.383649 -0.302708
1305031243.729676 1.32244 0.654096 1.54835 0.674597 0.549529 -0.397381 -0.291589
1305031243.761667 1.32537 0.659769 1.54631 0.690884 0.528806 -0.403399 -0.283394
1305031243.797650 1.32756 0.667603 1.53666 0.706858 0.506176 -0.408001 -0.278698
1305031243.829666 1.3307 0.667435 1.53496 0.723474 0.482783 -0.409116 -0.275916
1305031243.861657 1.33699 0.666272 1.53612 0.736664 0.460403 -0.412812 -0.273755
1305031243.897689 1.34196 0.661835 1.52641 0.747451 0.438368 -0.416423 -0.275213
1305031243.929656 1.34624 0.660855 1.52273 0.768814 0.399876 -0.422336 -0.265814
1305031243.961674 1.35258 0.659012 1.5212 0.776347 0.384059 -0.425513 -0.262151
1305031243.997635 1.35194 0.657711 1.51767 0.784712 0.36983 -0.42523 -0.258134
1305031244.029557 1.35393 0.65468 1.51886 0.793242 0.353627 -0.426053 -0.253364
1305031244.097621 1.3538 0.656706 1.51768 0.800473 0.339221 -0.428215 -0.246582
1305031244.161701 1.33391 0.665136 1.47692 0.823728 0.293271 -0.431459 -0.222054
1305031244.197672 1.33581 0.668289 1.48168 0.830977 0.276652 -0.434975 -0.209138
1305031244.261676 1.33374 0.671348 1.47819 0.835161 0.260362 -0.442193 -0.197948
1305031244.297680 1.33286 0.678021 1.47402 0.836911 0.2453 -0.450384 -0.191214
1305031244.329685 1.34016 0.6779 1.47099 0.838786 0.216144 -0.465968 -0.180537
1305031244.361665 1.34441 0.676556 1.469 0.838961 0.210546 -0.469484 -0.177198
1305031244.397615 1.3492 0.676967 1.46809 0.836253 0.207822 -0.475578 -0.176967
1305031244.429740 1.33899 0.685851 1.46435 0.836673 0.20821 -0.477189 -0.170053
1305031244.497679 1.34021 0.686683 1.46554 0.832798 0.213069 -0.480401 -0.173964
1305031244.529690 1.34214 0.678843 1.4658 0.827003 0.224704 -0.48305 -0.179546
1305031244.561672 1.33518 0.682742 1.46578 0.822429 0.236513 -0.484861 -0.180504
1305031244.597700 1.32968 0.682523 1.46889 0.812344 0.256351 -0.487781 -0.190923
1305031244.629753 1.33386 0.672448 1.47395 0.801282 0.279027 -0.487901 -0.205046
1305031244.697667 1.33483 0.663292 1.47982 0.793206 0.301185 -0.484752 -0.212432
1305031244.729757 1.32579 0.667837 1.47817 0.781909 0.32622 -0.483665 -0.219697
1305031244.761738 1.32807 0.663812 1.4814 0.769605 0.35238 -0.475869 -0.238924
1305031244.797629 1.32907 0.659267 1.48866 0.758068 0.378459 -0.46467 -0.257264
1305031244.829660 1.33314 0.653096 1.49197 0.749881 0.400763 -0.451164 -0.271142
1305031244.929681 1.33006 0.65057 1.50556 0.726895 0.443706 -0.437643 -0.288474
1305031244.961694 1.33465 0.647047 1.50931 0.715379 0.464068 -0.42806 -0.299396
1305031245.029670 1.33678 0.643801 1.51799 0.705157 0.485019 -0.419089 -0.303108
1305031245.061797 1.33755 0.648058 1.51831 0.695364 0.504458 -0.409809 -0.306674
1305031245.097906 1.33722 0.635775 1.52344 0.683171 0.523638 -0.397344 -0.318116
1305031245.129925 1.34272 0.636882 1.52441 0.660569 0.559748 -0.3821 -0.323002
1305031245.161721 1.338 0.637777 1.52336 0.651934 0.575681 -0.371384 -0.325034
1305031245.197655 1.34099 0.644225 1.52572 0.632692 0.608329 -0.343955 -0.333665
1305031245.229684 1.34019 0.644783 1.52486 0.622789 0.623802 -0.325623 -0.342017
1305031245.261749 1.34119 0.646317 1.52598 0.613393 0.63879 -0.306023 -0.349352
1305031245.297648 1.34142 0.641356 1.52679 0.604304 0.651621 -0.288881 -0.356026
1305031245.329736 1.33933 0.641838 1.52638 0.595547 0.664493 -0.27346 -0.359154
1305031245.361797 1.33878 0.633605 1.53248 0.571962 0.691718 -0.247051 -0.365173
1305031245.397664 1.33727 0.633853 1.53266 0.558836 0.705417 -0.234739 -0.367405
1305031245.461734 1.33215 0.613754 1.53303 0.528663 0.730816 -0.212228 -0.376011
1305031245.497697 1.33201 0.604211 1.53438 0.506323 0.746901 -0.205246 -0.379011
1305031245.529685 1.33374 0.62367 1.54888 0.467374 0.775799 -0.19252 -0.377669
1305031245.561641 1.32922 0.610788 1.54711 0.447712 0.787881 -0.176699 -0.384155
1305031245.597588 1.32486 0.606617 1.553 0.399861 0.814615 -0.158345 -0.389154
1305031245.661665 1.32937 0.602628 1.55422 0.374438 0.825353 -0.146493 -0.396394
1305031245.697808 1.32621 0.594957 1.55858 0.320122 0.845964 -0.117411 -0.409978
1305031245.761842 1.32785 0.596341 1.55464 0.296782 0.853732 -0.107567 -0.414115
1305031245.797508 1.32753 0.585625 1.55167 0.268051 0.862504 -0.0925429 -0.419131
1305031245.829779 1.32648 0.584293 1.55249 0.241309 0.870297 -0.0789262 -0.422046
1305031245.861702 1.32538 0.585185 1.54656 0.19232 0.881012 -0.0580806 -0.428319
1305031245.897684 1.32846 0.577721 1.53911 0.167835 0.885981 -0.0477952 -0.429632
1305031245.961688 1.32903 0.573089 1.53733 0.140298 0.891843 -0.0399427 -0.42818
1305031245.997613 1.32941 0.57725 1.53769 0.118656 0.896195 -0.0346491 -0.426092
1305031246.061658 1.32963 0.568083 1.52901 0.0965481 0.899322 -0.023943 -0.425824
1305031246.097656 1.33166 0.573221 1.5282 0.0694956 0.903834 -0.0226036 -0.421597
1305031246.161681 1.33338 0.57611 1.52878 0.0448897 0.907901 -0.0154156 -0.416488
1305031246.197653 1.33492 0.568838 1.52201 0.0186276 0.910299 -0.00724896 -0.413469
1305031246.261893 1.33737 0.582737 1.52808 -0.0050228 0.914465 -0.00910832 -0.404532
1305031246.297613 1.33794 0.587042 1.52696 -0.0226546 0.917005 0.00185525 -0.398229
1305031246.361529 1.34226 0.577314 1.52081 -0.0417135 0.917877 0.0165525 -0.39432
1305031246.397738 1.34405 0.577462 1.51482 -0.063414 0.91871 0.0211681 -0.389233
1305031246.429654 1.34777 0.586292 1.52553 -0.0820868 0.921878 0.0226279 -0.378009
1305031246.461755 1.3508 0.587353 1.53229 -0.096682 0.925103 0.035479 -0.365483
1305031246.529729 1.35663 0.591715 1.52371 -0.128748 0.927681 0.0543963 -0.346226
1305031246.561679 1.36023 0.578922 1.51804 -0.145277 0.927739 0.0729689 -0.335963
1305031246.597580 1.36708 0.569079 1.51477 -0.16063 0.925204 0.0864728 -0.332744
1305031246.630105 1.37003 0.566037 1.52075 -0.165391 0.924624 0.0956432 -0.329499
1305031246.661684 1.37097 0.566975 1.51705 -0.168847 0.924117 0.101479 -0.327415
1305031246.697671 1.37053 0.570784 1.52048 -0.168678 0.925913 0.102887 -0.321942
1305031246.729825 1.37497 0.559273 1.50306 -0.169566 0.922698 0.110784 -0.328028
1305031246.761744 1.37614 0.556948 1.49928 -0.162964 0.922143 0.105875 -0.334493
1305031246.797618 1.37093 0.557811 1.49898 -0.149596 0.925792 0.0966671 -0.333445
1305031246.829699 1.36888 0.558468 1.49858 -0.135844 0.929614 0.0831031 -0.332353
1305031246.861682 1.36835 0.555628 1.50254 -0.117545 0.932928 0.0706627 -0.332919
1305031246.897619 1.36367 0.562242 1.50532 -0.0955639 0.938082 0.0476162 -0.32955
1305031246.929719 1.36789 0.556305 1.50478 -0.0747605 0.941339 0.0326972 -0.327448
1305031246.961581 1.36752 0.549539 1.49825 -0.0506722 0.941705 0.0198778 -0.332007
1305031247.029564 1.3666 0.556056 1.50118 -0.0271235 0.942866 -0.0031446 -0.332051
1305031247.061761 1.36661 0.548805 1.49478 -0.00225271 0.94256 -0.0170494 -0.333595
1305031247.097571 1.36518 0.552414 1.50145 0.0213375 0.941697 -0.0377194 -0.333661
1305031247.129694 1.36653 0.554588 1.50056 0.0449763 0.939375 -0.05599 -0.335287
1305031247.161688 1.36863 0.54861 1.50497 0.0709224 0.936039 -0.064591 -0.338569
1305031247.197676 1.36552 0.551359 1.50387 0.100975 0.930411 -0.0799768 -0.343137
1305031247.229684 1.36514 0.550685 1.50623 0.130815 0.923887 -0.0975854 -0.346116
1305031247.261671 1.36522 0.559163 1.51106 0.168705 0.916357 -0.11283 -0.345106
1305031247.297554 1.3577 0.552479 1.5105 0.207314 0.906218 -0.127515 -0.345731
1305031247.329729 1.3529 0.545809 1.5192 0.234067 0.896893 -0.148991 -0.34438
1305031247.361626 1.35141 0.555751 1.53439 0.255195 0.887352 -0.164714 -0.346916
1305031247.397540 1.34941 0.550857 1.54008 0.2767 0.874042 -0.170832 -0.360977
1305031247.429703 1.35353 0.553086 1.53061 0.295145 0.857793 -0.193777 -0.373538
1305031247.461694 1.35945 0.562273 1.53953 0.310934 0.848562 -0.210344 -0.372852
1305031247.497627 1.34985 0.562316 1.5518 0.32893 0.838451 -0.218297 -0.375702
1305031247.529619 1.35292 0.565805 1.55055 0.350535 0.820786 -0.235016 -0.384972
1305031247.561743 1.35816 0.566559 1.5489 0.365891 0.807356 -0.252389 -0.388072
1305031247.597701 1.35337 0.580343 1.56053 0.384197 0.794871 -0.27012 -0.384198
1305031247.629718 1.35216 0.585011 1.56494 0.405285 0.776449 -0.284822 -0.389547
1305031247.661681 1.35939 0.586357 1.56688 0.420787 0.75999 -0.300608 -0.393685
1305031247.697569 1.36028 0.595293 1.57164 0.438806 0.743804 -0.316012 -0.392864
1305031247.729684 1.35905 0.603782 1.57169 0.45819 0.725401 -0.328946 -0.394525
1305031247.761723 1.36258 0.602159 1.5775 0.477245 0.707949 -0.340589 -0.393756
1305031247.797650 1.36667 0.607665 1.57335 0.492678 0.691502 -0.355053 -0.391191
1305031247.829657 1.37197 0.615314 1.57287 0.513141 0.674591 -0.362308 -0.387746
1305031247.861688 1.36818 0.61616 1.57945 0.531966 0.659597 -0.366411 -0.3843
1305031247.897638 1.37438 0.613207 1.57915 0.545101 0.644566 -0.376059 -0.382073
1305031247.929807 1.37621 0.621213 1.57774 0.558906 0.630949 -0.386572 -0.374286
1305031247.961700 1.3753 0.61667 1.57776 0.571414 0.617406 -0.392749 -0.371543
1305031247.997557 1.37323 0.62058 1.57937 0.582042 0.603578 -0.401542 -0.368354
1305031248.029684 1.38351 0.618603 1.57629 0.588022 0.591202 -0.409259 -0.370429
1305031248.061746 1.38931 0.624417 1.56972 0.596052 0.580877 -0.412619 -0.370202
1305031248.098179 1.37985 0.632549 1.57414 0.613166 0.563773 -0.413103 -0.368148
1305031248.129858 1.38411 0.62119 1.57317 0.624793 0.546021 -0.415863 -0.372227
1305031248.161732 1.38796 0.620846 1.57537 0.633342 0.531514 -0.423415 -0.370257
1305031248.197746 1.39071 0.624002 1.56999 0.642922 0.514956 -0.433703 -0.365205
1305031248.229670 1.39276 0.62246 1.56813 0.653468 0.497011 -0.441771 -0.361659
1305031248.261691 1.39809 0.623153 1.56562 0.663289 0.479872 -0.449268 -0.357671
1305031248.297645 1.3968 0.633803 1.56967 0.672728 0.461514 -0.45801 -0.353084
1305031248.329688 1.40614 0.629364 1.55268 0.677625 0.444547 -0.463772 -0.357936
1305031248.361705 1.40476 0.636803 1.54575 0.687641 0.428029 -0.46512 -0.357217
1305031248.398306 1.40485 0.638629 1.54509 0.695271 0.414252 -0.463072 -0.361329
1305031248.429690 1.40731 0.641027 1.53635 0.701668 0.400799 -0.461949 -0.365548
1305031248.461674 1.40558 0.650585 1.53109 0.719568 0.372661 -0.454777 -0.36949
1305031248.497597 1.4097 0.647812 1.53322 0.727992 0.359433 -0.452352 -0.369071
1305031248.529678 1.41047 0.650114 1.53248 0.734434 0.348117 -0.453684 -0.365502
1305031248.561680 1.41024 0.648294 1.52918 0.739972 0.338919 -0.455136 -0.361147
1305031248.597577 1.40493 0.65415 1.52425 0.742848 0.333642 -0.457258 -0.357456
1305031248.629727 1.40841 0.648596 1.52455 0.746265 0.330763 -0.454727 -0.356241
1305031248.661660 1.41278 0.644245 1.52559 0.751523 0.32955 -0.451677 -0.350139
1305031248.701134 1.40249 0.654185 1.52737 0.755256 0.328101 -0.454242 -0.340003
1305031248.729769 1.40946 0.648457 1.53122 0.756332 0.32566 -0.459703 -0.332536
1305031248.761715 1.40113 0.65545 1.53205 0.759129 0.322653 -0.467081 -0.318517
1305031248.797823 1.3992 0.656071 1.53093 0.755989 0.323129 -0.475046 -0.313686
1305031248.829728 1.39911 0.65541 1.52128 0.755675 0.32409 -0.478264 -0.30852
1305031248.861712 1.39106 0.663813 1.52444 0.757019 0.325178 -0.479181 -0.3026
1305031248.897740 1.38513 0.663709 1.51907 0.747899 0.334389 -0.481034 -0.312149
1305031248.929766 1.38962 0.658107 1.51773 0.73739 0.349095 -0.477058 -0.326808
1305031248.961755 1.38945 0.657673 1.52134 0.730164 0.365564 -0.468953 -0.33661
1305031248.997614 1.38806 0.658136 1.52481 0.720387 0.385545 -0.45867 -0.349314
1305031249.029697 1.38952 0.653918 1.53525 0.707098 0.406987 -0.448405 -0.365111
1305031249.062337 1.39539 0.64996 1.53158 0.692855 0.427999 -0.438467 -0.380152
1305031249.097689 1.39708 0.646155 1.54225 0.683729 0.450997 -0.424693 -0.385683
1305031249.129781 1.39398 0.646855 1.54037 0.666647 0.476321 -0.415809 -0.394719
1305031249.161749 1.39687 0.647863 1.53727 0.652997 0.499305 -0.399998 -0.405329
1305031249.197673 1.39798 0.640136 1.5413 0.640632 0.525721 -0.377917 -0.412779
1305031249.229768 1.39647 0.654707 1.54402 0.629141 0.548415 -0.360433 -0.416545
1305031249.261609 1.39487 0.656862 1.54336 0.620667 0.565729 -0.336461 -0.426047
1305031249.297950 1.39088 0.6461 1.55336 0.608532 0.586272 -0.311105 -0.434956
1305031249.329679 1.39413 0.656487 1.56225 0.592181 0.606511 -0.28939 -0.444656
1305031249.361754 1.39415 0.658232 1.56661 0.580752 0.620906 -0.260974 -0.457269
1305031249.397737 1.38537 0.65136 1.56546 0.570402 0.631395 -0.235432 -0.469632
1305031249.429851 1.38235 0.647895 1.57379 0.560263 0.640552 -0.215362 -0.478976
1305031249.461794 1.37877 0.644357 1.57221 0.548823 0.648157 -0.200027 -0.488544
1305031249.497685 1.3777 0.642606 1.57422 0.53848 0.656807 -0.183295 -0.495023
1305031249.529692 1.37156 0.635492 1.57503 -0.524585 -0.666169 0.163791 0.504184
1305031249.561863 1.36796 0.625223 1.5784 -0.503074 -0.679665 0.146501 0.513332
1305031249.597805 1.36773 0.625692 1.56943 -0.482373 -0.691942 0.135037 0.519901
1305031249.629760 1.35753 0.605034 1.54592 -0.438461 -0.724831 0.119448 0.517788
1305031249.662284 1.36209 0.611246 1.56188 -0.417495 -0.745148 0.116238 0.506894
1305031249.697653 1.3572 0.607024 1.55414 -0.403429 -0.757066 0.107116 0.502614
1305031249.729969 1.345 0.599255 1.54705 0.379253 0.773463 -0.101368 -0.497641
1305031249.761822 1.34564 0.601079 1.55192 0.356697 0.788299 -0.0987469 -0.491529
1305031249.797667 1.34749 0.597611 1.55715 0.331386 0.802713 -0.0905376 -0.48748
1305031249.829797 1.34677 0.603189 1.56269 0.308407 0.814625 -0.0820824 -0.484287
1305031249.861729 1.34607 0.601314 1.56429 0.285396 0.822857 -0.0675531 -0.486716
1305031249.897548 1.34841 0.603738 1.56647 0.268535 0.828601 -0.053809 -0.488277
1305031249.929754 1.34406 0.601497 1.55761 0.251292 0.835262 -0.0395761 -0.487467
1305031249.962232 1.34265 0.598742 1.5591 0.234445 0.842388 -0.0272521 -0.484434
1305031249.997687 1.34714 0.59874 1.56046 0.22312 0.846326 -0.0149508 -0.483452
1305031250.030025 1.33937 0.594027 1.55234 0.212959 0.849807 -0.00155061 -0.482155
1305031250.061924 1.33656 0.591705 1.54711 0.20044 0.85427 0.00697066 -0.47958
1305031250.097604 1.3365 0.589785 1.54719 0.186586 0.858212 0.0143401 -0.477967
1305031250.129780 1.33799 0.590855 1.53779 0.174813 0.860642 0.0208679 -0.477808
1305031250.161809 1.3355 0.590154 1.53144 0.157741 0.866994 0.0281367 -0.471855
1305031250.197617 1.33435 0.589056 1.53209 0.141268 0.872451 0.0345165 -0.466563
1305031250.229670 1.33697 0.59032 1.5338 0.133274 0.874689 0.0390205 -0.464365
1305031250.261917 1.33327 0.593004 1.52388 0.13059 0.876557 0.0401184 -0.461503
1305031250.298182 1.32932 0.582005 1.51542 0.12748 0.878188 0.043686 -0.458941
1305031250.329709 1.32762 0.58273 1.51356 0.123775 0.879599 0.0394759 -0.457632
1305031250.361596 1.33022 0.585065 1.5148 0.121279 0.881513 0.0317984 -0.45521
1305031250.397784 1.33218 0.585401 1.52178 0.118443 0.883562 0.0297574 -0.45211
1305031250.429731 1.32895 0.579564 1.51624 0.11972 0.881504 0.030067 -0.455756
1305031250.461779 1.32975 0.580012 1.51525 0.123619 0.881335 0.0203253 -0.455581
1305031250.498138 1.33391 0.584108 1.52264 0.130961 0.882828 0.0110937 -0.450934
1305031250.529700 1.32755 0.577455 1.51717 0.14101 0.881358 0.00467948 -0.450891
1305031250.561819 1.32699 0.576677 1.52285 0.152695 0.879155 -0.00973785 -0.451305
1305031250.597650 1.33311 0.583136 1.5365 0.169195 0.876418 -0.0264249 -0.450074
1305031250.629661 1.32851 0.579198 1.53716 0.193414 0.869468 -0.0382269 -0.452941
1305031250.661952 1.32287 0.575421 1.53588 0.216824 0.861699 -0.0551665 -0.455433
1305031250.697768 1.32601 0.578035 1.54207 0.239423 0.854095 -0.0775368 -0.455178
1305031250.729747 1.32617 0.581683 1.54763 0.268006 0.84442 -0.100721 -0.452751
1305031250.761789 1.32715 0.581719 1.55284 0.298601 0.831321 -0.121786 -0.452672
1305031250.797838 1.32228 0.583005 1.55765 0.325663 0.818953 -0.140904 -0.451005
1305031250.829785 1.33031 0.592774 1.56414 0.353062 0.805002 -0.163113 -0.44801
1305031250.861873 1.32881 0.587943 1.56605 0.377091 0.792532 -0.177484 -0.44519
1305031250.897604 1.32987 0.596379 1.57039 0.403426 0.776268 -0.19974 -0.441316
1305031250.930120 1.33093 0.598263 1.57243 0.427607 0.76105 -0.216887 -0.436937
1305031250.961817 1.33255 0.603616 1.57444 0.451483 0.745276 -0.234434 -0.431007
1305031250.997612 1.33221 0.610319 1.57886 0.477427 0.726864 -0.250281 -0.425548
1305031251.029789 1.33229 0.610363 1.57972 0.49962 0.708606 -0.263674 -0.422769
1305031251.061854 1.33606 0.614248 1.57598 0.520371 0.691232 -0.279695 -0.416152
1305031251.097685 1.33516 0.609484 1.57844 0.540447 0.673987 -0.294813 -0.408342
1305031251.129731 1.33911 0.610923 1.57629 0.560698 0.654546 -0.316616 -0.39616
1305031251.161699 1.34002 0.609273 1.58123 0.577112 0.639539 -0.335858 -0.380961
1305031251.197672 1.33754 0.608149 1.57746 0.592923 0.622424 -0.354603 -0.367814
1305031251.229882 1.34091 0.609498 1.57926 0.609149 0.60093 -0.377693 -0.353792
1305031251.261872 1.34853 0.606011 1.57708 0.620869 0.58366 -0.398488 -0.339219
1305031251.297722 1.34311 0.609143 1.57579 0.633844 0.565608 -0.419194 -0.320321
1305031251.329608 1.34339 0.60911 1.58929 0.643722 0.546855 -0.439212 -0.306045
1305031251.361831 1.34929 0.615622 1.58251 0.647608 0.529746 -0.462208 -0.293831
1305031251.397736 1.34767 0.627411 1.57082 0.654621 0.513109 -0.478263 -0.281877
1305031251.429957 1.34608 0.62886 1.57062 0.664 0.496731 -0.487482 -0.273356
1305031251.462288 1.34547 0.632151 1.5673 0.670511 0.481576 -0.498134 -0.26526
1305031251.497761 1.35479 0.63194 1.56259 0.678702 0.461023 -0.509577 -0.259137
1305031251.529827 1.35999 0.631725 1.5581 0.691418 0.437742 -0.517739 -0.249538
1305031251.561707 1.36246 0.63922 1.55974 0.707669 0.410885 -0.524179 -0.235826
1305031251.597657 1.35803 0.644987 1.54791 0.718316 0.386949 -0.532136 -0.226107
1305031251.629778 1.36174 0.651766 1.54026 0.728959 0.360187 -0.538729 -0.220579
1305031251.661814 1.37913 0.641312 1.53965 0.740975 0.338797 -0.537022 -0.218586
1305031251.698330 1.37987 0.64331 1.53308 0.755726 0.320634 -0.53349 -0.203618
1305031251.730175 1.36738 0.654384 1.52785 0.768229 0.301951 -0.531137 -0.191162
1305031251.761755 1.3687 0.655841 1.52521 0.775089 0.287631 -0.529842 -0.189138
1305031251.797678 1.37276 0.653394 1.52532 0.782933 0.277193 -0.525591 -0.184212
1305031251.829869 1.37072 0.654302 1.52167 0.790279 0.264255 -0.523279 -0.178348
1305031251.862143 1.38124 0.654412 1.52998 0.796379 0.254926 -0.522483 -0.166747
1305031251.897873 1.37452 0.659785 1.52507 0.801144 0.244142 -0.524318 -0.1538
1305031251.929898 1.37764 0.65709 1.52516 0.803615 0.237618 -0.524819 -0.149349
1305031251.961904 1.37517 0.659732 1.52457 0.80624 0.233768 -0.524412 -0.142556
1305031251.998343 1.37262 0.660681 1.52213 0.8063 0.230592 -0.526722 -0.138825
1305031252.029784 1.38465 0.655617 1.5338 0.807146 0.227836 -0.528388 -0.131956
1305031252.062017 1.37056 0.660616 1.52096 0.805733 0.224465 -0.53398 -0.123592
1305031252.098735 1.36759 0.660378 1.51749 0.801469 0.228288 -0.538053 -0.126612
1305031252.129719 1.36364 0.652952 1.51375 0.794999 0.2404 -0.538944 -0.140443
1305031252.161778 1.36338 0.654524 1.51203 0.788764 0.257919 -0.534963 -0.158566
1305031252.197852 1.35536 0.65576 1.50745 0.782978 0.283332 -0.522749 -0.182763
1305031252.229882 1.35567 0.656027 1.50793 0.774511 0.310286 -0.506128 -0.218382
1305031252.261747 1.36282 0.652481 1.51623 0.767771 0.335836 -0.486169 -0.247752
1305031252.297671 1.36299 0.645576 1.52444 0.76343 0.357776 -0.469033 -0.263021
1305031252.329954 1.36215 0.643601 1.52409 0.75706 0.373229 -0.459524 -0.276402
1305031252.361687 1.36253 0.642459 1.53002 0.751505 0.38996 -0.449922 -0.284152
1305031252.397494 1.36157 0.643862 1.53474 0.741938 0.412304 -0.43923 -0.294297
1305031252.429672 1.35892 0.636195 1.53258 0.729199 0.435653 -0.427711 -0.309094
1305031252.461722 1.3642 0.632482 1.53407 0.717174 0.459538 -0.414432 -0.32052
1305031252.497655 1.36022 0.626099 1.5342 0.704595 0.48457 -0.398371 -0.331721
1305031252.529692 1.35354 0.624688 1.53625 0.691999 0.506607 -0.386621 -0.339132
1305031252.561862 1.35249 0.622446 1.54251 0.677089 0.527583 -0.376234 -0.34879
1305031252.597647 1.3503 0.610665 1.54628 0.658736 0.547797 -0.367866 -0.361469
1305031252.629839 1.35238 0.601615 1.54172 0.638248 0.567609 -0.365866 -0.369595
1305031252.661594 1.3537 0.603594 1.53835 0.627805 0.580302 -0.36467 -0.368952
1305031252.698012 1.35039 0.603097 1.54192 0.626526 0.587114 -0.364098 -0.360825
1305031252.729811 1.34991 0.600437 1.54444 0.625481 0.59202 -0.367891 -0.350631
1305031252.761680 1.34192 0.610299 1.54664 0.625666 0.594722 -0.374032 -0.339041
1305031252.797683 1.33585 0.616199 1.55161 0.626588 0.592277 -0.380253 -0.334667
1305031252.831021 1.33865 0.613205 1.54747 0.625456 0.587604 -0.386975 -0.337307
1305031252.865804 1.33648 0.614777 1.54882 0.62558 0.584645 -0.391706 -0.336758
1305031252.897597 1.33795 0.616156 1.54917 0.623864 0.581745 -0.396349 -0.33952
1305031252.929687 1.33986 0.618055 1.54386 0.621969 0.579895 -0.398353 -0.343788
1305031252.965771 1.33775 0.618421 1.54357 0.621532 0.579203 -0.397624 -0.34658
1305031252.997652 1.3355 0.616208 1.547 0.621339 0.577399 -0.398109 -0.349368
1305031253.029884 1.34369 0.607379 1.54212 0.619696 0.576189 -0.400059 -0.352044
1305031253.065901 1.34043 0.612369 1.53907 0.620261 0.577831 -0.401295 -0.346916
