1305031229.528748 1305031229.533200 1.2989 0.6880 1.5734 0.6817 0.5533 -0.0180 -0.4784
1305031229.564425 1305031229.563200 1.2978 0.6868 1.5707 0.6854 0.5650 -0.0392 -0.4576
1305031229.596600 1305031229.593200 1.2967 0.6861 1.5686 0.6895 0.5667 -0.0532 -0.4479
1305031229.628753 1305031229.633200 1.2944 0.6848 1.5650 0.6901 0.5770 -0.0682 -0.4315
1305031229.664657 1305031229.663200 1.2936 0.6835 1.5632 0.6914 0.5800 -0.0785 -0.4235
1305031229.696827 1305031229.693200 1.2922 0.6823 1.5614 0.6907 0.5831 -0.0859 -0.4190
1305031229.729064 1305031229.733100 1.2904 0.6799 1.5587 0.6904 0.5921 -0.1036 -0.4026
1305031229.764848 1305031229.763300 1.2900 0.6782 1.5574 0.6931 0.5938 -0.1149 -0.3922
1305031229.796909 1305031229.793200 1.2888 0.6768 1.5560 0.6921 0.5970 -0.1286 -0.3849
1305031229.825613 1305031229.823200 1.2879 0.6750 1.5548 0.6923 0.6012 -0.1440 -0.3721
1305031229.863055 1305031229.863100 1.2866 0.6722 1.5535 0.6931 0.6056 -0.1629 -0.3554
1305031229.896929 1305031229.893200 1.2853 0.6698 1.5528 0.6906 0.6106 -0.1790 -0.3438
1305031229.926248 1305031229.923200 1.2843 0.6674 1.5518 0.6892 0.6154 -0.1956 -0.3285
1305031229.966160 1305031229.963200 1.2830 0.6641 1.5510 0.6876 0.6192 -0.2158 -0.3118
1305031229.997917 1305031229.993200 1.2820 0.6616 1.5504 0.6857 0.6229 -0.2273 -0.3002
1305031230.029991 1305031230.033100 1.2812 0.6583 1.5501 0.6830 0.6275 -0.2398 -0.2868
1305031230.065687 1305031230.063200 1.2806 0.6559 1.5501 0.6808 0.6292 -0.2504 -0.2789
1305031230.098242 1305031230.103100 1.2796 0.6523 1.5498 0.6780 0.6327 -0.2621 -0.2671
1305031230.129919 1305031230.133100 1.2788 0.6496 1.5495 0.6754 0.6350 -0.2714 -0.2587
1305031230.165771 1305031230.163200 1.2786 0.6468 1.5494 0.6733 0.6380 -0.2787 -0.2491
1305031230.197772 1305031230.193100 1.2779 0.6439 1.5490 0.6693 0.6402 -0.2894 -0.2418
1305031230.229830 1305031230.233100 1.2775 0.6399 1.5488 0.6666 0.6426 -0.2995 -0.2301
1305031230.265580 1305031230.263300 1.2768 0.6371 1.5486 0.6633 0.6441 -0.3100 -0.2214
1305031230.297982 1305031230.293200 1.2774 0.6341 1.5482 0.6622 0.6462 -0.3169 -0.2084
1305031230.325685 1305031230.323200 1.2772 0.6312 1.5485 0.6588 0.6470 -0.3271 -0.2010
1305031230.365650 1305031230.363100 1.2759 0.6279 1.5483 0.6522 0.6512 -0.3403 -0.1864
1305031230.397265 1305031230.393100 1.2754 0.6251 1.5478 0.6490 0.6523 -0.3507 -0.1741
1305031230.425670 1305031230.423100 1.2751 0.6221 1.5477 0.6453 0.6536 -0.3613 -0.1607
1305031230.465220 1305031230.463100 1.2744 0.6172 1.5471 0.6372 0.6554 -0.3807 -0.1392
1305031230.497228 1305031230.493100 1.2741 0.6132 1.5467 0.6304 0.6573 -0.3953 -0.1196
1305031230.526720 1305031230.523200 1.2739 0.6092 1.5465 0.6235 0.6574 -0.4111 -0.1005
1305031230.566084 1305031230.563100 1.2738 0.6037 1.5466 0.6122 0.6594 -0.4301 -0.0742
1305031230.598825 1305031230.603100 1.2744 0.5983 1.5468 0.6007 0.6606 -0.4475 -0.0494
1305031230.626028 1305031230.623200 1.2747 0.5957 1.5466 0.5952 0.6607 -0.4559 -0.0375
1305031230.665795 1305031230.663100 1.2754 0.5908 1.5465 0.5853 0.6621 -0.4677 -0.0162
1305031230.697932 1305031230.693200 1.2756 0.5875 1.5466 0.5789 0.6618 -0.4763 -0.0038
1305031230.725671 1305031230.723200 1.2761 0.5845 1.5469 0.5718 0.6620 -0.4844 0.0102
1305031230.765854 1305031230.763100 1.2767 0.5807 1.5475 0.5612 0.6613 -0.4969 0.0281
1305031230.797303 1305031230.793100 1.2773 0.5779 1.5486 0.5527 0.6594 -0.5079 0.0406
1305031230.825729 1305031230.823100 1.2782 0.5756 1.5499 0.5446 0.6577 -0.5173 0.0556
1305031230.865523 1305031230.863200 1.2792 0.5723 1.5518 0.5315 0.6544 -0.5326 0.0748
1305031230.897379 1305031230.893100 1.2799 0.5704 1.5533 0.5218 0.6521 -0.5428 0.0885
1305031230.925860 1305031230.923200 1.2805 0.5687 1.5545 0.5139 0.6497 -0.5512 0.0998
1305031230.964976 1305031230.963200 1.2808 0.5674 1.5557 0.5076 0.6470 -0.5586 0.1084
1305031230.997080 1305031230.993200 1.2807 0.5669 1.5561 0.5051 0.6461 -0.5610 0.1124
1305031231.025653 1305031231.023200 1.2804 0.5667 1.5563 0.5044 0.6457 -0.5619 0.1138
1305031231.064422 1305031231.063100 1.2796 0.5669 1.5562 0.5051 0.6454 -0.5620 0.1116
1305031231.096775 1305031231.093200 1.2790 0.5673 1.5556 0.5047 0.6474 -0.5600 0.1118
1305031231.125728 1305031231.123200 1.2781 0.5674 1.5550 0.5060 0.6468 -0.5598 0.1108
1305031231.165241 1305031231.163200 1.2772 0.5684 1.5538 0.5086 0.6473 -0.5572 0.1094
1305031231.197747 1305031231.193100 1.2759 0.5693 1.5523 0.5136 0.6479 -0.5527 0.1047
1305031231.225711 1305031231.223200 1.2746 0.5715 1.5507 0.5212 0.6484 -0.5470 0.0931
1305031231.265594 1305031231.263200 1.2725 0.5753 1.5479 0.5362 0.6510 -0.5323 0.0736
1305031231.297846 1305031231.293200 1.2709 0.5791 1.5454 0.5491 0.6531 -0.5186 0.0548
1305031231.325741 1305031231.323100 1.2692 0.5827 1.5429 0.5616 0.6554 -0.5039 0.0343
1305031231.365066 1305031231.363100 1.2675 0.5875 1.5399 0.5754 0.6598 -0.4832 0.0086
1305031231.397128 1305031231.393200 1.2662 0.5911 1.5378 0.5854 0.6606 -0.4699 -0.0102
1305031231.425688 1305031231.423200 1.2657 0.5945 1.5360 0.5949 0.6620 -0.4552 -0.0232
1305031231.464918 1305031231.463200 1.2649 0.5988 1.5333 0.6052 0.6624 -0.4397 -0.0403
1305031231.493669 1305031231.493200 1.2644 0.6016 1.5314 0.6120 0.6615 -0.4301 -0.0533
1305031231.525755 1305031231.523100 1.2642 0.6041 1.5296 0.6184 0.6613 -0.4198 -0.0639
1305031231.565052 1305031231.563100 1.2641 0.6075 1.5272 0.6258 0.6605 -0.4073 -0.0782
1305031231.593737 1305031231.593100 1.2643 0.6099 1.5257 0.6311 0.6610 -0.3959 -0.0894
1305031231.625704 1305031231.623100 1.2647 0.6126 1.5243 0.6359 0.6614 -0.3848 -0.1006
1305031231.665045 1305031231.663100 1.2649 0.6156 1.5228 0.6414 0.6603 -0.3725 -0.1173
1305031231.693702 1305031231.693100 1.2655 0.6179 1.5216 0.6458 0.6603 -0.3608 -0.1294
1305031231.725886 1305031231.723100 1.2660 0.6202 1.5205 0.6500 0.6603 -0.3483 -0.1422
1305031231.765478 1305031231.763100 1.2664 0.6234 1.5191 0.6560 0.6604 -0.3272 -0.1630
1305031231.793723 1305031231.793100 1.2670 0.6261 1.5185 0.6599 0.6607 -0.3104 -0.1781
1305031231.825686 1305031231.823100 1.2674 0.6285 1.5178 0.6633 0.6602 -0.2934 -0.1950
1305031231.864940 1305031231.863100 1.2681 0.6321 1.5177 0.6670 0.6588 -0.2684 -0.2215
1305031231.893727 1305031231.893100 1.2688 0.6346 1.5177 0.6696 0.6572 -0.2504 -0.2389
1305031231.925706 1305031231.923200 1.2694 0.6371 1.5178 0.6721 0.6543 -0.2349 -0.2550
1305031231.965010 1305031231.963200 1.2705 0.6403 1.5183 0.6747 0.6500 -0.2153 -0.2757
1305031231.993726 1305031231.993100 1.2716 0.6424 1.5185 0.6766 0.6470 -0.2033 -0.2870
1305031232.025790 1305031232.023200 1.2724 0.6447 1.5190 0.6787 0.6420 -0.1916 -0.3007
1305031232.065122 1305031232.063100 1.2742 0.6478 1.5199 0.6811 0.6368 -0.1722 -0.3176
1305031232.093725 1305031232.093100 1.2750 0.6498 1.5207 0.6821 0.6328 -0.1602 -0.3297
1305031232.125662 1305031232.123100 1.2764 0.6515 1.5215 0.6832 0.6283 -0.1490 -0.3410
1305031232.165032 1305031232.163100 1.2777 0.6534 1.5228 0.6838 0.6230 -0.1357 -0.3547
1305031232.193716 1305031232.193100 1.2784 0.6549 1.5239 0.6837 0.6189 -0.1244 -0.3662
1305031232.225683 1305031232.223100 1.2796 0.6563 1.5246 0.6843 0.6148 -0.1113 -0.3760
1305031232.262691 1305031232.263400 1.2809 0.6577 1.5261 0.6831 0.6088 -0.0961 -0.3917
1305031232.293855 1305031232.293100 1.2820 0.6587 1.5272 0.6839 0.6049 -0.0799 -0.4000
1305031232.325619 1305031232.323100 1.2827 0.6595 1.5282 0.6826 0.6010 -0.0689 -0.4101
1305031232.364738 1305031232.363100 1.2837 0.6603 1.5296 0.6811 0.5966 -0.0556 -0.4208
1305031232.393714 1305031232.393100 1.2844 0.6609 1.5304 0.6806 0.5933 -0.0465 -0.4272
1305031232.425721 1305031232.423100 1.2846 0.6611 1.5309 0.6792 0.5911 -0.0407 -0.4331
1305031232.464703 1305031232.463100 1.2855 0.6610 1.5320 0.6785 0.5889 -0.0324 -0.4379
1305031232.493650 1305031232.493100 1.2860 0.6611 1.5329 0.6778 0.5858 -0.0254 -0.4436
1305031232.525781 1305031232.523100 1.2865 0.6610 1.5340 0.6763 0.5828 -0.0164 -0.4502
1305031232.564714 1305031232.563200 1.2875 0.6613 1.5353 0.6741 0.5786 -0.0050 -0.4592
1305031232.593722 1305031232.593100 1.2880 0.6614 1.5364 0.6718 0.5745 0.0034 -0.4675
1305031232.625783 1305031232.623100 1.2893 0.6613 1.5375 0.6708 0.5705 0.0166 -0.4737
1305031232.664695 1305031232.663100 1.2904 0.6611 1.5390 0.6676 0.5648 0.0299 -0.4841
1305031232.693701 1305031232.693200 1.2911 0.6608 1.5403 0.6646 0.5617 0.0387 -0.4913
1305031232.725876 1305031232.723100 1.2918 0.6609 1.5415 0.6622 0.5567 0.0507 -0.4990
1305031232.761719 1305031232.763100 1.2934 0.6611 1.5432 -0.6585 -0.5506 -0.0693 0.5084
1305031232.793672 1305031232.793100 1.2944 0.6610 1.5449 -0.6531 -0.5464 -0.0797 0.5182
1305031232.825767 1305031232.823100 1.2956 0.6608 1.5464 -0.6501 -0.5416 -0.0898 0.5253
1305031232.861666 1305031232.863100 1.2973 0.6607 1.5488 -0.6474 -0.5354 -0.1016 0.5328
1305031232.893683 1305031232.893100 1.2986 0.6604 1.5506 -0.6464 -0.5323 -0.1051 0.5364
1305031232.925756 1305031232.923100 1.2998 0.6606 1.5518 -0.6474 -0.5293 -0.1042 0.5384
1305031232.961662 1305031232.963100 1.3015 0.6601 1.5535 -0.6482 -0.5274 -0.1027 0.5396
1305031232.993641 1305031232.993400 1.3023 0.6602 1.5539 -0.6507 -0.5258 -0.1003 0.5386
1305031233.025746 1305031233.023100 1.3030 0.6594 1.5538 -0.6552 -0.5298 -0.0887 0.5312
1305031233.061697 1305031233.063100 1.3030 0.6580 1.5531 -0.6619 -0.5364 -0.0631 0.5197
1305031233.093701 1305031233.093100 1.3029 0.6569 1.5516 -0.6683 -0.5447 -0.0401 0.5050
1305031233.125846 1305031233.123100 1.3022 0.6564 1.5500 0.6744 0.5494 0.0203 -0.4928
1305031233.161744 1305031233.163100 1.3019 0.6559 1.5478 0.6809 0.5496 0.0130 -0.4839
1305031233.193761 1305031233.193100 1.3011 0.6554 1.5458 0.6838 0.5513 0.0120 -0.4778
1305031233.225763 1305031233.223100 1.2999 0.6538 1.5435 0.6872 0.5540 0.0075 -0.4700
1305031233.261687 1305031233.263100 1.2974 0.6498 1.5405 0.6884 0.5650 -0.0152 -0.4546
1305031233.293802 1305031233.293100 1.2954 0.6456 1.5373 0.6940 0.5749 -0.0381 -0.4318
1305031233.325798 1305031233.323100 1.2927 0.6407 1.5338 0.6981 0.5884 -0.0723 -0.4014
1305031233.361800 1305031233.363100 1.2892 0.6347 1.5307 0.7033 0.5981 -0.1097 -0.3682
1305031233.393685 1305031233.393100 1.2872 0.6306 1.5283 0.7032 0.6076 -0.1340 -0.3439
1305031233.425708 1305031233.423100 1.2846 0.6267 1.5264 0.7012 0.6150 -0.1606 -0.3229
1305031233.461836 1305031233.463100 1.2822 0.6231 1.5248 0.7006 0.6191 -0.1793 -0.3062
1305031233.493692 1305031233.493100 1.2805 0.6211 1.5238 0.6976 0.6239 -0.1860 -0.2993
1305031233.525708 1305031233.523100 1.2793 0.6194 1.5227 0.6949 0.6283 -0.1940 -0.2911
1305031233.561785 1305031233.563100 1.2774 0.6170 1.5214 0.6916 0.6336 -0.2109 -0.2753
1305031233.593760 1305031233.593100 1.2761 0.6150 1.5204 0.6875 0.6377 -0.2303 -0.2600
1305031233.625707 1305031233.623100 1.2760 0.6132 1.5200 0.6846 0.6414 -0.2472 -0.2427
1305031233.661700 1305031233.663100 1.2758 0.6116 1.5194 0.6812 0.6446 -0.2649 -0.2242
1305031233.693779 1305031233.693100 1.2759 0.6109 1.5190 0.6785 0.6464 -0.2741 -0.2161
1305031233.725575 1305031233.723100 1.2759 0.6110 1.5188 0.6764 0.6485 -0.2761 -0.2140
1305031233.761643 1305031233.763300 1.2761 0.6124 1.5184 0.6759 0.6500 -0.2700 -0.2187
1305031233.793747 1305031233.793100 1.2768 0.6140 1.5182 0.6769 0.6508 -0.2627 -0.2218
1305031233.825687 1305031233.823100 1.2770 0.6153 1.5182 0.6764 0.6509 -0.2611 -0.2251
1305031233.861613 1305031233.863100 1.2782 0.6171 1.5183 0.6757 0.6518 -0.2615 -0.2240
1305031233.893718 1305031233.893100 1.2783 0.6183 1.5181 0.6749 0.6508 -0.2657 -0.2243
1305031233.925841 1305031233.923100 1.2787 0.6199 1.5181 0.6758 0.6487 -0.2684 -0.2247
1305031233.961748 1305031233.963100 1.2795 0.6220 1.5183 0.6746 0.6471 -0.2710 -0.2297
1305031233.993722 1305031233.993100 1.2795 0.6236 1.5188 0.6731 0.6445 -0.2741 -0.2376
1305031234.025786 1305031234.023200 1.2800 0.6251 1.5192 0.6724 0.6420 -0.2757 -0.2445
1305031234.061675 1305031234.063100 1.2803 0.6269 1.5195 0.6712 0.6379 -0.2775 -0.2560
1305031234.093790 1305031234.093100 1.2801 0.6279 1.5197 0.6688 0.6352 -0.2807 -0.2655
1305031234.129606 1305031234.133100 1.2801 0.6291 1.5200 0.6651 0.6314 -0.2856 -0.2781
1305031234.161729 1305031234.163100 1.2797 0.6300 1.5194 0.6631 0.6296 -0.2885 -0.2840
1305031234.193710 1305031234.193100 1.2793 0.6309 1.5194 0.6610 0.6257 -0.2935 -0.2922
1305031234.229746 1305031234.233100 1.2787 0.6320 1.5193 0.6566 0.6217 -0.3009 -0.3032
1305031234.261752 1305031234.263100 1.2781 0.6328 1.5185 0.6549 0.6186 -0.3046 -0.3092
1305031234.293697 1305031234.293100 1.2770 0.6333 1.5180 0.6521 0.6155 -0.3104 -0.3156
1305031234.329654 1305031234.333100 1.2769 0.6341 1.5179 0.6479 0.6127 -0.3160 -0.3240
1305031234.361612 1305031234.363100 1.2762 0.6344 1.5176 0.6453 0.6095 -0.3214 -0.3298
1305031234.393723 1305031234.393100 1.2760 0.6348 1.5176 0.6430 0.6065 -0.3258 -0.3355
1305031234.429703 1305031234.433100 1.2758 0.6354 1.5183 0.6372 0.6015 -0.3338 -0.3476
1305031234.461690 1305031234.463100 1.2751 0.6358 1.5192 0.6320 0.5961 -0.3415 -0.3587
1305031234.493831 1305031234.493100 1.2751 0.6363 1.5201 0.6291 0.5922 -0.3460 -0.3658
1305031234.529645 1305031234.533100 1.2753 0.6365 1.5219 0.6213 0.5840 -0.3590 -0.3795
1305031234.561675 1305031234.563100 1.2754 0.6367 1.5235 0.6155 0.5792 -0.3675 -0.3880
1305031234.593780 1305031234.593100 1.2757 0.6367 1.5251 0.6106 0.5749 -0.3747 -0.3952
1305031234.630013 1305031234.633100 1.2761 0.6369 1.5274 0.6023 0.5668 -0.3855 -0.4091
1305031234.661618 1305031234.663200 1.2765 0.6366 1.5290 0.5953 0.5630 -0.3924 -0.4180
1305031234.693750 1305031234.693100 1.2759 0.6363 1.5305 0.5864 0.5564 -0.4025 -0.4297
1305031234.729764 1305031234.733000 1.2763 0.6355 1.5322 0.5764 0.5503 -0.4118 -0.4419
1305031234.761815 1305031234.763100 1.2767 0.6350 1.5338 0.5688 0.5433 -0.4199 -0.4527
1305031234.793716 1305031234.793100 1.2773 0.6346 1.5348 0.5619 0.5386 -0.4262 -0.4611
1305031234.829772 1305031234.833000 1.2774 0.6335 1.5354 0.5551 0.5335 -0.4321 -0.4695
1305031234.861873 1305031234.863100 1.2774 0.6329 1.5359 0.5498 0.5298 -0.4364 -0.4760
1305031234.893760 1305031234.893100 1.2771 0.6324 1.5358 0.5464 0.5284 -0.4381 -0.4799
1305031234.929666 1305031234.933100 1.2751 0.6322 1.5345 0.5482 0.5298 -0.4362 -0.4780
1305031234.961659 1305031234.963100 1.2731 0.6323 1.5330 0.5502 0.5307 -0.4355 -0.4754
1305031234.993749 1305031234.993100 1.2705 0.6327 1.5309 0.5547 0.5357 -0.4319 -0.4677
1305031235.029701 1305031235.033100 1.2678 0.6336 1.5281 0.5604 0.5399 -0.4282 -0.4594
1305031235.061591 1305031235.063100 1.2663 0.6344 1.5256 0.5670 0.5467 -0.4218 -0.4492
1305031235.093621 1305031235.093100 1.2641 0.6353 1.5229 0.5726 0.5508 -0.4177 -0.4407
1305031235.129679 1305031235.133000 1.2629 0.6365 1.5201 0.5783 0.5549 -0.4127 -0.4328
1305031235.161491 1305031235.163100 1.2618 0.6374 1.5176 0.5822 0.5607 -0.4081 -0.4244
1305031235.193605 1305031235.193100 1.2603 0.6383 1.5146 0.5899 0.5657 -0.4009 -0.4138
1305031235.229635 1305031235.233100 1.2598 0.6393 1.5114 0.5966 0.5709 -0.3926 -0.4050
1305031235.261629 1305031235.263100 1.2594 0.6402 1.5087 0.6021 0.5772 -0.3842 -0.3960
1305031235.293677 1305031235.293000 1.2594 0.6407 1.5059 0.6078 0.5812 -0.3760 -0.3892
1305031235.329649 1305031235.333100 1.2585 0.6418 1.5014 0.6174 0.5884 -0.3622 -0.3762
1305031235.361653 1305031235.363100 1.2582 0.6428 1.4984 0.6232 0.5929 -0.3534 -0.3677
1305031235.393686 1305031235.393000 1.2580 0.6435 1.4954 0.6278 0.5976 -0.3470 -0.3584
1305031235.429666 1305031235.433100 1.2571 0.6444 1.4902 0.6383 0.6041 -0.3350 -0.3398
1305031235.461669 1305031235.463100 1.2575 0.6456 1.4877 0.6450 0.6092 -0.3246 -0.3278
1305031235.493665 1305031235.493100 1.2575 0.6463 1.4845 0.6514 0.6133 -0.3162 -0.3156
1305031235.529738 1305031235.533100 1.2575 0.6473 1.4798 0.6601 0.6182 -0.3051 -0.2984
1305031235.561675 1305031235.563100 1.2577 0.6481 1.4768 0.6660 0.6213 -0.2963 -0.2874
1305031235.593726 1305031235.593100 1.2577 0.6486 1.4731 0.6724 0.6259 -0.2857 -0.2729
1305031235.629798 1305031235.633100 1.2581 0.6496 1.4684 0.6809 0.6299 -0.2721 -0.2561
1305031235.661669 1305031235.663000 1.2581 0.6499 1.4645 0.6869 0.6331 -0.2624 -0.2419
1305031235.693698 1305031235.693100 1.2584 0.6504 1.4606 0.6924 0.6359 -0.2534 -0.2282
1305031235.729661 1305031235.733100 1.2596 0.6508 1.4555 0.6994 0.6401 -0.2400 -0.2086
1305031235.761818 1305031235.763100 1.2605 0.6511 1.4512 0.7053 0.6426 -0.2285 -0.1934
1305031235.793628 1305031235.793100 1.2611 0.6514 1.4471 0.7102 0.6440 -0.2191 -0.1813
1305031235.829663 1305031235.833100 1.2632 0.6520 1.4422 0.7158 0.6468 -0.2051 -0.1650
1305031235.861603 1305031235.863100 1.2643 0.6523 1.4385 0.7188 0.6489 -0.1959 -0.1547
1305031235.893698 1305031235.893100 1.2659 0.6523 1.4347 0.7228 0.6497 -0.1865 -0.1435
1305031235.929664 1305031235.933100 1.2682 0.6525 1.4306 0.7267 0.6508 -0.1763 -0.1316
1305031235.961704 1305031235.963100 1.2698 0.6524 1.4272 0.7290 0.6526 -0.1675 -0.1211
1305031235.993673 1305031235.993100 1.2710 0.6525 1.4244 0.7305 0.6538 -0.1612 -0.1136
1305031236.029652 1305031236.033100 1.2736 0.6523 1.4204 0.7344 0.6536 -0.1514 -0.1024
1305031236.061630 1305031236.063100 1.2750 0.6524 1.4178 0.7363 0.6542 -0.1446 -0.0952
1305031236.093688 1305031236.093100 1.2766 0.6523 1.4154 0.7375 0.6540 -0.1413 -0.0918
1305031236.129660 1305031236.133100 1.2784 0.6523 1.4129 0.7386 0.6550 -0.1343 -0.0868
1305031236.161670 1305031236.163100 1.2791 0.6528 1.4111 0.7390 0.6555 -0.1312 -0.0839
1305031236.193597 1305031236.193100 1.2805 0.6527 1.4093 0.7418 0.6536 -0.1267 -0.0804
1305031236.229721 1305031236.233100 1.2813 0.6529 1.4086 0.7411 0.6547 -0.1241 -0.0820
1305031236.261669 1305031236.263100 1.2810 0.6530 1.4090 0.7393 0.6560 -0.1251 -0.0857
1305031236.293648 1305031236.293100 1.2810 0.6533 1.4098 0.7398 0.6544 -0.1274 -0.0905
1305031236.329663 1305031236.333100 1.2801 0.6533 1.4125 0.7386 0.6525 -0.1362 -0.1006
1305031236.361588 1305031236.363100 1.2792 0.6534 1.4151 0.7367 0.6521 -0.1436 -0.1070
1305031236.393685 1305031236.393100 1.2789 0.6533 1.4183 0.7361 0.6499 -0.1512 -0.1140
1305031236.429662 1305031236.433100 1.2781 0.6532 1.4233 0.7348 0.6468 -0.1605 -0.1259
1305031236.461654 1305031236.463000 1.2773 0.6531 1.4274 0.7328 0.6453 -0.1680 -0.1358
1305031236.493658 1305031236.493100 1.2766 0.6527 1.4316 0.7304 0.6445 -0.1744 -0.1439
1305031236.529695 1305031236.533100 1.2758 0.6520 1.4380 0.7260 0.6429 -0.1860 -0.1583
1305031236.561678 1305031236.563100 1.2749 0.6512 1.4424 0.7217 0.6432 -0.1927 -0.1679
1305031236.593682 1305031236.593100 1.2744 0.6503 1.4475 0.7177 0.6420 -0.2011 -0.1797
1305031236.629642 1305031236.633000 1.2743 0.6491 1.4548 0.7129 0.6399 -0.2115 -0.1937
1305031236.661655 1305031236.663000 1.2740 0.6477 1.4596 0.7091 0.6381 -0.2208 -0.2031
1305031236.693667 1305031236.693000 1.2738 0.6466 1.4649 0.7044 0.6371 -0.2299 -0.2123
1305031236.729693 1305031236.733100 1.2744 0.6449 1.4716 0.6993 0.6344 -0.2412 -0.2245
1305031236.761749 1305031236.763100 1.2748 0.6434 1.4768 0.6952 0.6321 -0.2496 -0.2342
1305031236.793675 1305031236.793000 1.2750 0.6416 1.4821 0.6888 0.6307 -0.2596 -0.2456
1305031236.829705 1305031236.833100 1.2760 0.6394 1.4894 0.6818 0.6285 -0.2695 -0.2596
1305031236.861617 1305031236.863100 1.2768 0.6376 1.4949 0.6769 0.6255 -0.2774 -0.2713
1305031236.893505 1305031236.893100 1.2776 0.6357 1.5007 0.6708 0.6229 -0.2863 -0.2829
1305031236.929669 1305031236.933100 1.2792 0.6332 1.5085 0.6635 0.6195 -0.2977 -0.2955
1305031236.961639 1305031236.963100 1.2801 0.6313 1.5143 0.6576 0.6152 -0.3087 -0.3064
1305031236.993680 1305031236.993100 1.2820 0.6294 1.5205 0.6520 0.6137 -0.3156 -0.3142
1305031237.029714 1305031237.033100 1.2834 0.6269 1.5284 0.6418 0.6081 -0.3303 -0.3306
1305031237.061729 1305031237.063100 1.2850 0.6254 1.5342 0.6364 0.6045 -0.3371 -0.3406
1305031237.093695 1305031237.093100 1.2867 0.6241 1.5396 0.6296 0.6012 -0.3448 -0.3511
1305031237.129774 1305031237.133200 1.2892 0.6229 1.5466 0.6218 0.5932 -0.3558 -0.3672
1305031237.161661 1305031237.163000 1.2908 0.6226 1.5513 0.6171 0.5882 -0.3624 -0.3766
1305031237.193642 1305031237.193000 1.2926 0.6225 1.5561 0.6125 0.5839 -0.3686 -0.3849
1305031237.229691 1305031237.233100 1.2946 0.6222 1.5620 0.6053 0.5764 -0.3789 -0.3974
1305031237.261663 1305031237.263100 1.2965 0.6219 1.5659 0.6014 0.5728 -0.3827 -0.4046
1305031237.293709 1305031237.293100 1.2983 0.6218 1.5698 0.5963 0.5674 -0.3874 -0.4151
1305031237.329672 1305031237.333000 1.3005 0.6216 1.5746 0.5908 0.5611 -0.3922 -0.4270
1305031237.361618 1305031237.363100 1.3004 0.6211 1.5776 0.5825 0.5550 -0.4013 -0.4376
1305031237.393671 1305031237.393100 1.3017 0.6207 1.5805 0.5772 0.5503 -0.4068 -0.4456
1305031237.429793 1305031237.433000 1.3039 0.6207 1.5837 0.5745 0.5455 -0.4100 -0.4520
1305031237.461646 1305031237.463000 1.3055 0.6207 1.5862 0.5704 0.5392 -0.4160 -0.4592
1305031237.493702 1305031237.493100 1.3063 0.6203 1.5881 0.5643 0.5359 -0.4230 -0.4642
1305031237.529735 1305031237.533000 1.3081 0.6205 1.5901 0.5622 0.5302 -0.4267 -0.4698
1305031237.561669 1305031237.563000 1.3097 0.6206 1.5916 0.5586 0.5263 -0.4310 -0.4746
1305031237.593680 1305031237.593000 1.3100 0.6204 1.5924 0.5548 0.5250 -0.4352 -0.4766
1305031237.629705 1305031237.633100 1.3115 0.6208 1.5934 0.5545 0.5213 -0.4368 -0.4795
1305031237.661656 1305031237.663000 1.3117 0.6209 1.5937 0.5541 0.5210 -0.4370 -0.4801
1305031237.693693 1305031237.693100 1.3116 0.6211 1.5943 0.5521 0.5182 -0.4388 -0.4839
1305031237.729752 1305031237.733000 1.3111 0.6213 1.5940 0.5540 0.5195 -0.4377 -0.4813
1305031237.761654 1305031237.763100 1.3108 0.6215 1.5941 0.5543 0.5186 -0.4383 -0.4814
1305031237.793725 1305031237.793000 1.3110 0.6216 1.5947 0.5516 0.5163 -0.4400 -0.4853
1305031237.829769 1305031237.833000 1.3101 0.6219 1.5943 0.5534 0.5182 -0.4395 -0.4818
1305031237.861836 1305031237.863000 1.3099 0.6225 1.5943 0.5572 0.5173 -0.4386 -0.4791
1305031237.893771 1305031237.893000 1.3098 0.6226 1.5949 0.5524 0.5135 -0.4442 -0.4835
1305031237.929849 1305031237.933100 1.3097 0.6227 1.5945 0.5550 0.5187 -0.4423 -0.4767
1305031237.961658 1305031237.963000 1.3084 0.6230 1.5936 0.5594 0.5203 -0.4414 -0.4706
1305031237.993683 1305031237.993000 1.3068 0.6228 1.5926 0.5610 0.5255 -0.4410 -0.4633
1305031238.029709 1305031238.033000 1.3052 0.6224 1.5901 0.5664 0.5352 -0.4365 -0.4496
1305031238.061670 1305031238.063000 1.3037 0.6220 1.5876 0.5726 0.5452 -0.4282 -0.4376
1305031238.093685 1305031238.093000 1.3013 0.6214 1.5845 0.5787 0.5560 -0.4175 -0.4262
1305031238.129747 1305031238.133000 1.2996 0.6213 1.5801 0.5883 0.5684 -0.4002 -0.4130
1305031238.161682 1305031238.163000 1.2976 0.6208 1.5761 0.5968 0.5808 -0.3854 -0.3974
1305031238.193792 1305031238.193100 1.2960 0.6204 1.5721 0.6051 0.5904 -0.3732 -0.3820
1305031238.230012 1305031238.233100 1.2936 0.6198 1.5667 0.6111 0.6006 -0.3634 -0.3657
1305031238.261604 1305031238.263000 1.2924 0.6194 1.5629 0.6171 0.6081 -0.3527 -0.3536
1305031238.293671 1305031238.293000 1.2915 0.6193 1.5585 0.6251 0.6167 -0.3388 -0.3378
1305031238.329662 1305031238.333000 1.2902 0.6192 1.5526 0.6350 0.6255 -0.3213 -0.3198
1305031238.361640 1305031238.363000 1.2888 0.6187 1.5480 0.6396 0.6314 -0.3123 -0.3079
1305031238.393667 1305031238.393100 1.2883 0.6185 1.5433 0.6452 0.6381 -0.2995 -0.2946
1305031238.429673 1305031238.433000 1.2879 0.6186 1.5377 0.6526 0.6444 -0.2844 -0.2794
1305031238.461685 1305031238.463000 1.2879 0.6187 1.5337 0.6566 0.6492 -0.2743 -0.2687
1305031238.493679 1305031238.493000 1.2881 0.6186 1.5302 0.6594 0.6538 -0.2659 -0.2587
1305031238.529670 1305031238.533000 1.2881 0.6184 1.5265 0.6614 0.6574 -0.2608 -0.2498
1305031238.561624 1305031238.563000 1.2883 0.6184 1.5234 0.6629 0.6618 -0.2542 -0.2409
1305031238.593741 1305031238.593000 1.2890 0.6183 1.5203 0.6654 0.6646 -0.2485 -0.2319
1305031238.629751 1305031238.633000 1.2902 0.6186 1.5162 0.6695 0.6682 -0.2384 -0.2202
1305031238.661628 1305031238.663000 1.2911 0.6185 1.5132 0.6719 0.6710 -0.2305 -0.2125
1305031238.693855 1305031238.693000 1.2916 0.6183 1.5100 0.6743 0.6737 -0.2225 -0.2048
1305031238.729729 1305031238.733000 1.2931 0.6181 1.5062 0.6777 0.6770 -0.2124 -0.1929
1305031238.761658 1305031238.763000 1.2941 0.6180 1.5036 0.6797 0.6782 -0.2084 -0.1860
1305031238.793691 1305031238.793000 1.2952 0.6178 1.5012 0.6817 0.6803 -0.2025 -0.1778
1305031238.829730 1305031238.833000 1.2967 0.6176 1.4980 0.6853 0.6824 -0.1927 -0.1661
1305031238.861826 1305031238.863000 1.2977 0.6174 1.4965 0.6872 0.6826 -0.1890 -0.1615
1305031238.893734 1305031238.893000 1.2985 0.6171 1.4951 0.6887 0.6827 -0.1867 -0.1576
1305031238.929837 1305031238.933000 1.2995 0.6168 1.4932 0.6901 0.6839 -0.1821 -0.1509
1305031238.961656 1305031238.963000 1.3003 0.6166 1.4921 0.6910 0.6849 -0.1777 -0.1478
1305031238.993704 1305031238.993100 1.3011 0.6161 1.4912 0.6910 0.6866 -0.1731 -0.1454
1305031239.029670 1305031239.033000 1.3021 0.6157 1.4896 0.6926 0.6876 -0.1667 -0.1400
1305031239.061677 1305031239.063000 1.3026 0.6154 1.4888 0.6931 0.6877 -0.1653 -0.1388
1305031239.093689 1305031239.093000 1.3029 0.6150 1.4885 0.6922 0.6887 -0.1649 -0.1392
1305031239.129738 1305031239.133000 1.3034 0.6149 1.4888 0.6929 0.6880 -0.1638 -0.1405
1305031239.161756 1305031239.163000 1.3035 0.6148 1.4894 0.6924 0.6865 -0.1676 -0.1458
1305031239.193706 1305031239.193000 1.3035 0.6147 1.4904 0.6914 0.6867 -0.1685 -0.1482
1305031239.229882 1305031239.233000 1.3038 0.6146 1.4916 0.6911 0.6852 -0.1735 -0.1511
1305031239.261721 1305031239.263000 1.3036 0.6146 1.4928 0.6904 0.6835 -0.1793 -0.1552
1305031239.293674 1305031239.293000 1.3034 0.6147 1.4942 0.6894 0.6817 -0.1848 -0.1607
1305031239.329705 1305031239.333100 1.3028 0.6148 1.4962 0.6875 0.6798 -0.1919 -0.1683
1305031239.361715 1305031239.363000 1.3025 0.6149 1.4976 0.6861 0.6777 -0.1985 -0.1749
1305031239.393718 1305031239.393100 1.3022 0.6149 1.4990 0.6850 0.6756 -0.2045 -0.1805
1305031239.429744 1305031239.433000 1.3014 0.6148 1.5013 0.6825 0.6716 -0.2167 -0.1901
1305031239.461708 1305031239.463000 1.3009 0.6146 1.5030 0.6808 0.6690 -0.2241 -0.1968
1305031239.493720 1305031239.493000 1.3005 0.6143 1.5048 0.6794 0.6663 -0.2308 -0.2032
1305031239.529662 1305031239.533300 1.3000 0.6141 1.5073 0.6762 0.6630 -0.2389 -0.2146
1305031239.561733 1305031239.563000 1.2992 0.6140 1.5092 0.6734 0.6607 -0.2444 -0.2241
1305031239.593921 1305031239.593400 1.2985 0.6139 1.5110 0.6708 0.6583 -0.2491 -0.2337
1305031239.629723 1305031239.633000 1.2975 0.6136 1.5139 0.6666 0.6538 -0.2585 -0.2475
1305031239.661659 1305031239.663000 1.2969 0.6134 1.5161 0.6639 0.6513 -0.2642 -0.2555
1305031239.693733 1305031239.693000 1.2965 0.6134 1.5186 0.6617 0.6473 -0.2711 -0.2639
1305031239.729894 1305031239.733000 1.2957 0.6130 1.5227 0.6561 0.6424 -0.2832 -0.2768
1305031239.761913 1305031239.763000 1.2953 0.6130 1.5262 0.6529 0.6364 -0.2934 -0.2874
1305031239.793585 1305031239.793000 1.2945 0.6126 1.5302 0.6504 0.6277 -0.3059 -0.2989
1305031239.829666 1305031239.833000 1.2942 0.6125 1.5356 0.6461 0.6189 -0.3212 -0.3103
1305031239.861692 1305031239.863000 1.2933 0.6120 1.5394 0.6384 0.6154 -0.3339 -0.3197
1305031239.893740 1305031239.893000 1.2931 0.6113 1.5429 0.6350 0.6095 -0.3433 -0.3278
1305031239.929706 1305031239.933000 1.2932 0.6112 1.5482 0.6272 0.6058 -0.3513 -0.3410
1305031239.961710 1305031239.963000 1.2933 0.6112 1.5518 0.6224 0.6024 -0.3562 -0.3506
1305031239.993691 1305031239.993000 1.2937 0.6111 1.5554 0.6176 0.5978 -0.3625 -0.3604
1305031240.029620 1305031240.033000 1.2936 0.6112 1.5602 0.6093 0.5912 -0.3743 -0.3730
1305031240.061929 1305031240.063000 1.2940 0.6109 1.5633 0.6036 0.5867 -0.3831 -0.3804
1305031240.093651 1305031240.093000 1.2952 0.6110 1.5667 0.5978 0.5817 -0.3913 -0.3887
1305031240.129665 1305031240.133000 1.2967 0.6113 1.5714 0.5868 0.5709 -0.4060 -0.4061
1305031240.161723 1305031240.163000 1.2977 0.6114 1.5740 0.5815 0.5658 -0.4141 -0.4127
1305031240.193676 1305031240.193100 1.2991 0.6116 1.5772 0.5760 0.5578 -0.4236 -0.4216
1305031240.229661 1305031240.233000 1.3012 0.6118 1.5815 0.5625 0.5456 -0.4406 -0.4380
1305031240.261700 1305031240.263000 1.3029 0.6120 1.5838 0.5593 0.5390 -0.4467 -0.4441
1305031240.293646 1305031240.293000 1.3045 0.6124 1.5864 0.5538 0.5292 -0.4567 -0.4523
1305031240.329670 1305031240.333000 1.3070 0.6128 1.5893 0.5445 0.5209 -0.4663 -0.4634
1305031240.361685 1305031240.363000 1.3082 0.6133 1.5914 0.5399 0.5151 -0.4710 -0.4705
1305031240.393695 1305031240.393000 1.3096 0.6139 1.5931 0.5355 0.5076 -0.4758 -0.4787
1305031240.429707 1305031240.433000 1.3105 0.6143 1.5951 0.5283 0.5018 -0.4829 -0.4857
1305031240.461673 1305031240.463000 1.3107 0.6146 1.5962 0.5250 0.4984 -0.4866 -0.4890
1305031240.493713 1305031240.493000 1.3117 0.6150 1.5971 0.5240 0.4959 -0.4872 -0.4922
1305031240.529672 1305031240.533000 1.3122 0.6153 1.5983 0.5195 0.4927 -0.4907 -0.4965
1305031240.561748 1305031240.563000 1.3115 0.6155 1.5985 0.5197 0.4941 -0.4914 -0.4942
1305031240.593679 1305031240.592900 1.3106 0.6158 1.5980 0.5227 0.4953 -0.4894 -0.4918
1305031240.631058 1305031240.633000 1.3087 0.6158 1.5968 0.5256 0.5013 -0.4860 -0.4860
1305031240.661629 1305031240.662900 1.3075 0.6164 1.5953 0.5306 0.5053 -0.4807 -0.4818
1305031240.693800 1305031240.693000 1.3060 0.6164 1.5939 0.5316 0.5073 -0.4794 -0.4798
1305031240.729633 1305031240.733000 1.3041 0.6167 1.5911 0.5390 0.5164 -0.4700 -0.4711
1305031240.761607 1305031240.762900 1.3029 0.6168 1.5892 0.5422 0.5188 -0.4657 -0.4690
1305031240.793590 1305031240.793000 1.3020 0.6167 1.5871 0.5444 0.5245 -0.4606 -0.4651
1305031240.829620 1305031240.833000 1.3004 0.6166 1.5835 0.5526 0.5347 -0.4489 -0.4553
1305031240.861634 1305031240.863000 1.2990 0.6165 1.5810 0.5585 0.5403 -0.4402 -0.4499
1305031240.893685 1305031240.893000 1.2979 0.6163 1.5784 0.5617 0.5471 -0.4326 -0.4450
1305031240.929673 1305031240.933000 1.2961 0.6164 1.5738 0.5716 0.5599 -0.4166 -0.4316
1305031240.961709 1305031240.963000 1.2953 0.6168 1.5704 0.5818 0.5678 -0.4025 -0.4207
1305031240.993643 1305031240.993000 1.2940 0.6171 1.5669 0.5857 0.5756 -0.3942 -0.4126
1305031241.029623 1305031241.033000 1.2926 0.6183 1.5612 0.6010 0.5868 -0.3743 -0.3929
1305031241.061990 1305031241.063000 1.2912 0.6191 1.5574 0.6087 0.5914 -0.3659 -0.3819
1305031241.093615 1305031241.093100 1.2908 0.6193 1.5533 0.6162 0.5973 -0.3576 -0.3683
1305031241.129761 1305031241.132900 1.2896 0.6201 1.5475 0.6271 0.6048 -0.3459 -0.3482
1305031241.161725 1305031241.163300 1.2889 0.6208 1.5432 0.6341 0.6107 -0.3369 -0.3339
1305031241.193714 1305031241.193000 1.2889 0.6215 1.5396 0.6404 0.6191 -0.3236 -0.3193
1305031241.229602 1305031241.233000 1.2890 0.6219 1.5346 0.6473 0.6271 -0.3092 -0.3035
1305031241.261662 1305031241.263000 1.2894 0.6221 1.5309 0.6518 0.6298 -0.3014 -0.2962
1305031241.293804 1305031241.293000 1.2905 0.6227 1.5272 0.6582 0.6335 -0.2896 -0.2857
1305031241.329910 1305031241.333000 1.2925 0.6234 1.5213 0.6711 0.6353 -0.2739 -0.2664
1305031241.361658 1305031241.363000 1.2950 0.6238 1.5175 0.6802 0.6352 -0.2657 -0.2515
1305031241.393718 1305031241.393000 1.2974 0.6237 1.5136 0.6869 0.6351 -0.2614 -0.2377
1305031241.429669 1305031241.433000 1.3001 0.6233 1.5077 0.6940 0.6369 -0.2555 -0.2177
1305031241.461678 1305031241.463000 1.3015 0.6230 1.5044 0.6972 0.6374 -0.2519 -0.2103
1305031241.493736 1305031241.493000 1.3028 0.6231 1.5025 0.6972 0.6385 -0.2479 -0.2114
1305031241.529758 1305031241.533000 1.3037 0.6231 1.5014 0.6935 0.6416 -0.2452 -0.2177
1305031241.561686 1305031241.563000 1.3041 0.6236 1.5012 0.6919 0.6421 -0.2452 -0.2212
1305031241.593680 1305031241.592900 1.3044 0.6240 1.5015 0.6907 0.6418 -0.2470 -0.2234
1305031241.629760 1305031241.633000 1.3054 0.6243 1.5034 0.6862 0.6426 -0.2524 -0.2292
1305031241.661658 1305031241.663000 1.3055 0.6245 1.5043 0.6840 0.6427 -0.2552 -0.2322
1305031241.693629 1305031241.693000 1.3059 0.6249 1.5056 0.6818 0.6439 -0.2551 -0.2354
1305031241.729700 1305031241.733000 1.3057 0.6250 1.5069 0.6768 0.6466 -0.2574 -0.2400
1305031241.761678 1305031241.763000 1.3063 0.6253 1.5080 0.6748 0.6481 -0.2573 -0.2416
1305031241.793694 1305031241.792900 1.3061 0.6252 1.5085 0.6715 0.6508 -0.2583 -0.2427
1305031241.829759 1305031241.833000 1.3060 0.6243 1.5097 0.6641 0.6565 -0.2615 -0.2440
1305031241.861672 1305031241.863000 1.3056 0.6235 1.5105 0.6572 0.6607 -0.2665 -0.2460
1305031241.893622 1305031241.893000 1.3053 0.6224 1.5109 0.6526 0.6667 -0.2656 -0.2432
1305031241.929686 1305031241.933000 1.3052 0.6208 1.5117 0.6425 0.6769 -0.2644 -0.2430
1305031241.961685 1305031241.963000 1.3043 0.6194 1.5122 0.6333 0.6847 -0.2634 -0.2465
1305031241.993687 1305031241.993000 1.3041 0.6179 1.5127 0.6247 0.6950 -0.2566 -0.2466
1305031242.029756 1305031242.033000 1.3035 0.6159 1.5132 0.6130 0.7080 -0.2454 -0.2506
1305031242.061654 1305031242.063000 1.3031 0.6141 1.5136 0.6026 0.7183 -0.2352 -0.2561
1305031242.093725 1305031242.093000 1.3028 0.6125 1.5142 0.5918 0.7293 -0.2242 -0.2600
1305031242.129682 1305031242.133000 1.3023 0.6106 1.5148 0.5791 0.7416 -0.2098 -0.2659
1305031242.161668 1305031242.163000 1.3018 0.6094 1.5154 0.5683 0.7510 -0.2008 -0.2698
1305031242.193683 1305031242.192900 1.3015 0.6084 1.5162 0.5581 0.7600 -0.1944 -0.2703
1305031242.229672 1305031242.232900 1.3006 0.6077 1.5177 0.5443 0.7706 -0.1884 -0.2729
1305031242.261884 1305031242.263000 1.2997 0.6071 1.5187 0.5313 0.7794 -0.1843 -0.2761
1305031242.293820 1305031242.293000 1.2987 0.6068 1.5199 0.5188 0.7878 -0.1786 -0.2798
1305031242.329889 1305031242.333000 1.2976 0.6068 1.5219 0.5008 0.7980 -0.1702 -0.2889
1305031242.361729 1305031242.362900 1.2970 0.6068 1.5236 0.4886 0.8056 -0.1635 -0.2925
1305031242.393679 1305031242.392900 1.2964 0.6065 1.5252 0.4768 0.8125 -0.1572 -0.2961
1305031242.429711 1305031242.432900 1.2962 0.6055 1.5277 0.4558 0.8235 -0.1515 -0.3019
1305031242.461695 1305031242.463000 1.2961 0.6044 1.5295 0.4403 0.8319 -0.1433 -0.3060
1305031242.493742 1305031242.493000 1.2965 0.6027 1.5316 0.4182 0.8415 -0.1352 -0.3142
1305031242.529710 1305031242.533000 1.2972 0.5996 1.5338 0.3866 0.8552 -0.1274 -0.3209
1305031242.561569 1305031242.562900 1.2976 0.5973 1.5350 0.3675 0.8640 -0.1196 -0.3227
1305031242.593693 1305031242.592900 1.2978 0.5957 1.5359 0.3493 0.8719 -0.1087 -0.3255
1305031242.629711 1305031242.633000 1.2979 0.5929 1.5370 0.3278 0.8798 -0.0939 -0.3312
1305031242.661782 1305031242.663000 1.2985 0.5898 1.5373 0.3040 0.8880 -0.0875 -0.3338
1305031242.693671 1305031242.693000 1.2998 0.5865 1.5374 0.2789 0.8968 -0.0820 -0.3336
1305031242.729791 1305031242.732900 1.3013 0.5826 1.5363 0.2533 0.9064 -0.0681 -0.3312
1305031242.761930 1305031242.762900 1.3021 0.5796 1.5357 0.2353 0.9118 -0.0574 -0.3315
1305031242.793699 1305031242.792900 1.3029 0.5765 1.5349 0.2175 0.9173 -0.0520 -0.3293
1305031242.829812 1305031242.833000 1.3047 0.5729 1.5325 0.1998 0.9244 -0.0418 -0.3221
1305031242.861682 1305031242.863000 1.3066 0.5703 1.5304 0.1829 0.9295 -0.0331 -0.3186
1305031242.893679 1305031242.893000 1.3086 0.5681 1.5279 0.1659 0.9337 -0.0220 -0.3165
1305031242.929677 1305031242.933000 1.3112 0.5658 1.5237 0.1412 0.9383 -0.0091 -0.3155
1305031242.961731 1305031242.963000 1.3133 0.5645 1.5208 0.1272 0.9417 0.0027 -0.3116
1305031242.993951 1305031242.992900 1.3152 0.5638 1.5180 0.1171 0.9442 0.0132 -0.3075
1305031243.029664 1305031243.032900 1.3184 0.5628 1.5148 0.1036 0.9474 0.0226 -0.3021
1305031243.061704 1305031243.062900 1.3208 0.5623 1.5129 0.0937 0.9490 0.0316 -0.2993
1305031243.093739 1305031243.093000 1.3232 0.5620 1.5112 0.0833 0.9500 0.0382 -0.2985
1305031243.129686 1305031243.132900 1.3248 0.5622 1.5104 0.0752 0.9498 0.0445 -0.3005
1305031243.161643 1305031243.163000 1.3248 0.5627 1.5107 0.0785 0.9483 0.0446 -0.3043
1305031243.193652 1305031243.192900 1.3242 0.5631 1.5121 0.0864 0.9484 0.0354 -0.3030
1305031243.229716 1305031243.232900 1.3221 0.5641 1.5142 0.1088 0.9467 0.0210 -0.3024
1305031243.261720 1305031243.262900 1.3198 0.5650 1.5161 0.1283 0.9416 0.0092 -0.3113
1305031243.293654 1305031243.292900 1.3180 0.5654 1.5175 0.1435 0.9384 -0.0090 -0.3141
1305031243.329803 1305031243.333000 1.3158 0.5662 1.5175 0.1691 0.9338 -0.0244 -0.3143
1305031243.361686 1305031243.363000 1.3140 0.5663 1.5171 0.1899 0.9267 -0.0359 -0.3221
1305031243.393708 1305031243.392900 1.3132 0.5660 1.5158 0.2073 0.9223 -0.0492 -0.3223
1305031243.429782 1305031243.433000 1.3120 0.5654 1.5135 0.2303 0.9144 -0.0655 -0.3265
1305031243.461622 1305031243.462900 1.3114 0.5645 1.5115 0.2483 0.9066 -0.0747 -0.3330
1305031243.497629 1305031243.492900 1.3109 0.5638 1.5087 0.2640 0.9004 -0.0814 -0.3360
1305031243.529705 1305031243.533000 1.3106 0.5623 1.5053 0.2842 0.8904 -0.0896 -0.3441
1305031243.561795 1305031243.563000 1.3110 0.5610 1.5034 0.2996 0.8829 -0.0995 -0.3476
1305031243.597678 1305031243.592900 1.3102 0.5596 1.5015 0.3143 0.8756 -0.1110 -0.3495
1305031243.629640 1305031243.632900 1.3091 0.5589 1.5008 0.3431 0.8602 -0.1214 -0.3572
1305031243.661719 1305031243.662900 1.3082 0.5579 1.5017 0.3600 0.8470 -0.1380 -0.3660
1305031243.697682 1305031243.693000 1.3069 0.5582 1.5024 0.3771 0.8367 -0.1502 -0.3676
1305031243.729676 1305031243.732900 1.3043 0.5606 1.5036 0.4128 0.8134 -0.1635 -0.3758
1305031243.761667 1305031243.762900 1.3028 0.5628 1.5055 0.4368 0.7959 -0.1813 -0.3781
1305031243.797650 1305031243.792900 1.3010 0.5657 1.5073 0.4549 0.7808 -0.2085 -0.3741
1305031243.829666 1305031243.832900 1.2996 0.5707 1.5102 0.4914 0.7510 -0.2343 -0.3736
1305031243.861657 1305031243.862900 1.2985 0.5751 1.5120 0.5117 0.7316 -0.2540 -0.3720
1305031243.897689 1305031243.892900 1.2979 0.5788 1.5137 0.5298 0.7130 -0.2742 -0.3684
1305031243.929656 1305031243.932900 1.2978 0.5835 1.5150 0.5522 0.6898 -0.2963 -0.3624
1305031243.961674 1305031243.962900 1.2979 0.5870 1.5157 0.5664 0.6738 -0.3090 -0.3603
1305031243.997635 1305031243.992900 1.2983 0.5899 1.5160 0.5772 0.6587 -0.3206 -0.3608
1305031244.029557 1305031244.033200 1.2988 0.5928 1.5153 0.5912 0.6407 -0.3313 -0.3607
1305031244.061755 1305031244.063000 1.2993 0.5946 1.5134 0.6022 0.6300 -0.3365 -0.3567
1305031244.097621 1305031244.093000 1.3003 0.5963 1.5117 0.6133 0.6178 -0.3431 -0.3527
1305031244.129662 1305031244.133000 1.3011 0.5980 1.5086 0.6248 0.6019 -0.3575 -0.3458
1305031244.161701 1305031244.162900 1.3028 0.5995 1.5058 0.6379 0.5895 -0.3629 -0.3376
1305031244.197672 1305031244.192900 1.3040 0.6019 1.5034 0.6496 0.5761 -0.3687 -0.3319
1305031244.229668 1305031244.233200 1.3065 0.6047 1.4993 0.6663 0.5548 -0.3779 -0.3248
1305031244.261676 1305031244.262900 1.3090 0.6074 1.4966 0.6795 0.5377 -0.3841 -0.3188
1305031244.297680 1305031244.292900 1.3120 0.6107 1.4937 0.6940 0.5182 -0.3899 -0.3127
1305031244.329685 1305031244.332900 1.3161 0.6149 1.4899 0.7124 0.4919 -0.3936 -0.3093
1305031244.361665 1305031244.363000 1.3197 0.6177 1.4869 0.7252 0.4718 -0.3965 -0.3071
1305031244.397615 1305031244.392900 1.3230 0.6199 1.4839 0.7367 0.4505 -0.4021 -0.3044
1305031244.429740 1305031244.432900 1.3272 0.6222 1.4795 0.7513 0.4234 -0.4062 -0.3021
1305031244.461741 1305031244.462900 1.3295 0.6227 1.4764 0.7610 0.4061 -0.4086 -0.2984
1305031244.497679 1305031244.492900 1.3310 0.6225 1.4735 0.7688 0.3903 -0.4124 -0.2940
1305031244.529690 1305031244.532900 1.3313 0.6222 1.4697 0.7781 0.3718 -0.4158 -0.2887
1305031244.561672 1305031244.562900 1.3312 0.6223 1.4670 0.7863 0.3588 -0.4151 -0.2840
1305031244.597700 1305031244.592900 1.3307 0.6229 1.4643 0.7933 0.3444 -0.4170 -0.2797
1305031244.629753 1305031244.632900 1.3301 0.6236 1.4610 0.8015 0.3257 -0.4209 -0.2727
1305031244.661711 1305031244.662900 1.3303 0.6243 1.4588 0.8093 0.3124 -0.4209 -0.2651
1305031244.697667 1305031244.692900 1.3302 0.6246 1.4562 0.8179 0.2957 -0.4205 -0.2584
1305031244.729757 1305031244.732900 1.3310 0.6251 1.4529 0.8290 0.2755 -0.4204 -0.2454
1305031244.761738 1305031244.762900 1.3323 0.6258 1.4511 0.8335 0.2627 -0.4244 -0.2369
1305031244.797629 1305031244.792900 1.3334 0.6266 1.4493 0.8365 0.2476 -0.4320 -0.2288
1305031244.829660 1305031244.812900 1.3345 0.6275 1.4484 0.8371 0.2389 -0.4367 -0.2269
1305031244.929681 1305031244.942900 1.3430 0.6324 1.4425 0.8414 0.1986 -0.4569 -0.2094
1305031244.961694 1305031244.962900 1.3438 0.6330 1.4414 0.8425 0.1951 -0.4587 -0.2045
1305031245.029670 1305031245.032900 1.3430 0.6353 1.4382 0.8373 0.1934 -0.4674 -0.2074
1305031245.061797 1305031245.062900 1.3424 0.6351 1.4370 0.8364 0.1945 -0.4689 -0.2068
1305031245.097906 1305031245.102900 1.3412 0.6339 1.4370 0.8309 0.2041 -0.4718 -0.2128
1305031245.129925 1305031245.132900 1.3392 0.6319 1.4375 0.8278 0.2139 -0.4731 -0.2124
1305031245.161721 1305031245.162900 1.3365 0.6296 1.4393 0.8224 0.2250 -0.4746 -0.2185
1305031245.197655 1305031245.192900 1.3343 0.6266 1.4426 0.8130 0.2449 -0.4767 -0.2277
1305031245.229684 1305031245.232900 1.3315 0.6222 1.4475 0.8017 0.2708 -0.4765 -0.2385
1305031245.261749 1305031245.262900 1.3295 0.6188 1.4515 0.7948 0.2914 -0.4738 -0.2426
1305031245.297648 1305031245.292900 1.3279 0.6156 1.4560 0.7848 0.3139 -0.4714 -0.2517
1305031245.329736 1305031245.332900 1.3266 0.6122 1.4636 0.7711 0.3452 -0.4608 -0.2717
1305031245.361797 1305031245.362900 1.3265 0.6098 1.4693 0.7612 0.3690 -0.4501 -0.2862
1305031245.397664 1305031245.392900 1.3269 0.6079 1.4743 0.7570 0.3889 -0.4356 -0.2932
1305031245.429674 1305031245.432900 1.3260 0.6046 1.4813 0.7439 0.4164 -0.4268 -0.3020
1305031245.461734 1305031245.462900 1.3257 0.6025 1.4866 0.7301 0.4359 -0.4228 -0.3133
1305031245.497697 1305031245.492900 1.3260 0.6005 1.4911 0.7213 0.4543 -0.4126 -0.3210
1305031245.529685 1305031245.532900 1.3262 0.5974 1.4960 0.7084 0.4801 -0.4025 -0.3252
1305031245.561641 1305031245.562900 1.3267 0.5956 1.4991 0.7014 0.4976 -0.3903 -0.3286
1305031245.597588 1305031245.592900 1.3266 0.5938 1.5024 0.6903 0.5151 -0.3814 -0.3356
1305031245.629610 1305031245.633000 1.3261 0.5914 1.5058 0.6753 0.5383 -0.3734 -0.3387
1305031245.661665 1305031245.662900 1.3263 0.5895 1.5072 0.6691 0.5542 -0.3617 -0.3382
1305031245.697808 1305031245.692900 1.3256 0.5880 1.5086 0.6593 0.5682 -0.3539 -0.3424
1305031245.729697 1305031245.732900 1.3258 0.5865 1.5098 0.6488 0.5875 -0.3368 -0.3471
1305031245.761842 1305031245.762900 1.3257 0.5856 1.5102 0.6417 0.6022 -0.3200 -0.3510
1305031245.797508 1305031245.792900 1.3254 0.5850 1.5105 0.6330 0.6148 -0.3046 -0.3586
1305031245.829779 1305031245.832900 1.3252 0.5843 1.5105 0.6208 0.6337 -0.2802 -0.3669
1305031245.861702 1305031245.862900 1.3249 0.5838 1.5108 0.6122 0.6455 -0.2656 -0.3715
1305031245.897684 1305031245.892900 1.3246 0.5831 1.5110 0.6041 0.6567 -0.2524 -0.3742
1305031245.929627 1305031245.932900 1.3246 0.5815 1.5123 0.5896 0.6740 -0.2372 -0.3767
1305031245.961688 1305031245.963300 1.3246 0.5801 1.5133 0.5782 0.6862 -0.2270 -0.3786
1305031245.997613 1305031245.992900 1.3247 0.5787 1.5149 0.5668 0.6986 -0.2154 -0.3799
1305031246.029623 1305031246.032900 1.3243 0.5764 1.5173 0.5491 0.7145 -0.2038 -0.3825
1305031246.061658 1305031246.062900 1.3240 0.5739 1.5191 0.5330 0.7277 -0.1984 -0.3834
1305031246.097656 1305031246.092900 1.3238 0.5706 1.5210 0.5119 0.7436 -0.1941 -0.3839
1305031246.129580 1305031246.133000 1.3233 0.5667 1.5232 0.4867 0.7612 -0.1846 -0.3868
1305031246.161681 1305031246.162900 1.3227 0.5645 1.5249 0.4730 0.7718 -0.1705 -0.3892
1305031246.197653 1305031246.193000 1.3220 0.5616 1.5263 0.4554 0.7829 -0.1608 -0.3922
1305031246.229637 1305031246.232900 1.3212 0.5573 1.5283 0.4271 0.7998 -0.1513 -0.3938
1305031246.261893 1305031246.262900 1.3207 0.5544 1.5295 0.4047 0.8112 -0.1420 -0.3975
1305031246.297613 1305031246.292900 1.3202 0.5517 1.5303 0.3810 0.8217 -0.1323 -0.4028
1305031246.329731 1305031246.332900 1.3193 0.5479 1.5306 0.3465 0.8351 -0.1162 -0.4111
1305031246.361529 1305031246.363200 1.3187 0.5457 1.5306 0.3222 0.8435 -0.1034 -0.4172
1305031246.397738 1305031246.392900 1.3185 0.5432 1.5296 0.3006 0.8522 -0.0914 -0.4185
1305031246.429654 1305031246.432900 1.3183 0.5401 1.5278 0.2659 0.8631 -0.0786 -0.4221
1305031246.461755 1305031246.462900 1.3182 0.5382 1.5261 0.2424 0.8695 -0.0655 -0.4254
1305031246.497717 1305031246.492900 1.3184 0.5364 1.5239 0.2183 0.8750 -0.0561 -0.4285
1305031246.529729 1305031246.532900 1.3189 0.5339 1.5209 0.1879 0.8819 -0.0427 -0.4303
1305031246.561679 1305031246.562900 1.3204 0.5318 1.5184 0.1642 0.8881 -0.0363 -0.4278
1305031246.597580 1305031246.593200 1.3217 0.5296 1.5162 0.1422 0.8929 -0.0303 -0.4262
1305031246.630105 1305031246.632900 1.3232 0.5272 1.5131 0.1162 0.8976 -0.0195 -0.4247
1305031246.661684 1305031246.663000 1.3248 0.5250 1.5103 0.0940 0.9015 -0.0152 -0.4222
1305031246.697671 1305031246.692900 1.3274 0.5233 1.5077 0.0692 0.9057 -0.0098 -0.4181
1305031246.729825 1305031246.732900 1.3307 0.5219 1.5044 0.0397 0.9101 0.0009 -0.4125
1305031246.761744 1305031246.762900 1.3336 0.5206 1.5027 0.0155 0.9133 0.0048 -0.4071
1305031246.797618 1305031246.792900 1.3361 0.5198 1.5008 -0.0039 0.9157 0.0110 -0.4017
1305031246.829699 1305031246.833000 1.3387 0.5194 1.4977 -0.0244 0.9186 0.0261 -0.3936
1305031246.861682 1305031246.862900 1.3414 0.5186 1.4962 -0.0421 0.9202 0.0328 -0.3878
1305031246.897619 1305031246.892900 1.3448 0.5178 1.4955 -0.0617 0.9215 0.0378 -0.3816
1305031246.929719 1305031246.932900 1.3496 0.5170 1.4945 -0.0822 0.9243 0.0495 -0.3693
1305031246.961581 1305031246.962900 1.3524 0.5166 1.4926 -0.0943 0.9260 0.0588 -0.3609
1305031246.997684 1305031246.992900 1.3560 0.5162 1.4920 -0.1099 0.9268 0.0691 -0.3525
1305031247.029564 1305031247.032900 1.3604 0.5163 1.4921 -0.1261 0.9292 0.0854 -0.3367
1305031247.061761 1305031247.063700 1.3630 0.5157 1.4925 -0.1387 0.9304 0.0913 -0.3269
1305031247.097571 1305031247.092900 1.3650 0.5153 1.4937 -0.1500 0.9292 0.0980 -0.3231
1305031247.129694 1305031247.132900 1.3661 0.5150 1.4957 -0.1560 0.9282 0.1084 -0.3200
1305031247.161688 1305031247.162900 1.3668 0.5148 1.4968 -0.1595 0.9290 0.1103 -0.3152
1305031247.197676 1305031247.192900 1.3670 0.5148 1.4980 -0.1581 0.9302 0.1131 -0.3114
1305031247.229684 1305031247.232900 1.3663 0.5138 1.5002 -0.1554 0.9305 0.1113 -0.3126
1305031247.261671 1305031247.262900 1.3653 0.5127 1.5018 -0.1479 0.9309 0.1069 -0.3164
1305031247.297554 1305031247.292900 1.3644 0.5119 1.5028 -0.1380 0.9333 0.1012 -0.3157
1305031247.329729 1305031247.332900 1.3639 0.5101 1.5024 -0.1162 0.9376 0.0830 -0.3171
1305031247.361626 1305031247.362900 1.3633 0.5083 1.5011 -0.0964 0.9397 0.0679 -0.3211
1305031247.397540 1305031247.392900 1.3633 0.5081 1.5003 -0.0824 0.9425 0.0511 -0.3198
1305031247.429703 1305031247.432800 1.3639 0.5075 1.4983 -0.0541 0.9462 0.0332 -0.3173
1305031247.461694 1305031247.462900 1.3639 0.5076 1.4965 -0.0312 0.9460 0.0205 -0.3219
1305031247.497627 1305031247.492900 1.3639 0.5076 1.4944 -0.0094 0.9461 0.0025 -0.3239
1305031247.529619 1305031247.533000 1.3638 0.5078 1.4917 0.0190 0.9451 -0.0194 -0.3256
1305031247.561743 1305031247.562900 1.3642 0.5079 1.4906 0.0397 0.9429 -0.0365 -0.3287
1305031247.597701 1305031247.592900 1.3640 0.5083 1.4894 0.0612 0.9403 -0.0512 -0.3309
1305031247.629718 1305031247.632900 1.3629 0.5095 1.4888 0.0936 0.9347 -0.0656 -0.3366
1305031247.661681 1305031247.662800 1.3622 0.5104 1.4895 0.1192 0.9290 -0.0785 -0.3416
1305031247.697569 1305031247.692800 1.3608 0.5106 1.4907 0.1472 0.9219 -0.0955 -0.3454
1305031247.729684 1305031247.732900 1.3586 0.5125 1.4924 0.1968 0.9107 -0.1089 -0.3464
1305031247.761723 1305031247.762800 1.3579 0.5131 1.4945 0.2286 0.9001 -0.1294 -0.3477
1305031247.797650 1305031247.792900 1.3577 0.5134 1.4976 0.2497 0.8904 -0.1500 -0.3496
1305031247.829657 1305031247.832900 1.3573 0.5143 1.5012 0.2788 0.8750 -0.1637 -0.3603
1305031247.861688 1305031247.862900 1.3573 0.5148 1.5042 0.2955 0.8617 -0.1745 -0.3738
1305031247.897638 1305031247.892900 1.3584 0.5148 1.5074 0.3079 0.8504 -0.1895 -0.3822
1305031247.929807 1305031247.932900 1.3598 0.5155 1.5102 0.3274 0.8387 -0.2045 -0.3842
1305031247.961700 1305031247.962900 1.3604 0.5170 1.5134 0.3448 0.8261 -0.2134 -0.3912
1305031247.997557 1305031247.992900 1.3613 0.5189 1.5170 0.3609 0.8116 -0.2262 -0.3998
1305031248.029684 1305031248.032900 1.3625 0.5220 1.5212 0.3781 0.7975 -0.2456 -0.4009
1305031248.061746 1305031248.062800 1.3632 0.5250 1.5247 0.3960 0.7829 -0.2599 -0.4033
1305031248.098179 1305031248.102900 1.3640 0.5301 1.5297 0.4183 0.7613 -0.2772 -0.4107
1305031248.129858 1305031248.132900 1.3647 0.5338 1.5331 0.4316 0.7478 -0.2909 -0.4121
1305031248.161732 1305031248.162900 1.3655 0.5384 1.5362 0.4470 0.7348 -0.3011 -0.4119
1305031248.197746 1305031248.192900 1.3658 0.5413 1.5387 0.4665 0.7155 -0.3127 -0.4156
1305031248.229670 1305031248.232900 1.3670 0.5454 1.5416 0.4850 0.6958 -0.3285 -0.4156
1305031248.261691 1305031248.262900 1.3677 0.5482 1.5432 0.5009 0.6807 -0.3402 -0.4123
1305031248.297645 1305031248.292900 1.3685 0.5508 1.5439 0.5208 0.6658 -0.3440 -0.4088
1305031248.329688 1305031248.332900 1.3698 0.5533 1.5448 0.5395 0.6473 -0.3513 -0.4080
1305031248.361705 1305031248.362900 1.3712 0.5544 1.5454 0.5514 0.6339 -0.3608 -0.4050
1305031248.398306 1305031248.402800 1.3732 0.5556 1.5455 0.5683 0.6179 -0.3700 -0.3979
1305031248.429690 1305031248.432900 1.3744 0.5563 1.5456 0.5790 0.6043 -0.3783 -0.3956
1305031248.461674 1305031248.462900 1.3763 0.5566 1.5457 0.5879 0.5915 -0.3862 -0.3942
1305031248.497597 1305031248.492900 1.3785 0.5567 1.5457 0.5946 0.5807 -0.3917 -0.3948
1305031248.529678 1305031248.532900 1.3798 0.5572 1.5448 0.6066 0.5665 -0.3953 -0.3935
1305031248.561680 1305031248.562900 1.3822 0.5585 1.5446 0.6202 0.5505 -0.3937 -0.3967
1305031248.597577 1305031248.592900 1.3843 0.5595 1.5443 0.6290 0.5378 -0.3965 -0.3975
1305031248.629727 1305031248.632900 1.3864 0.5599 1.5428 0.6367 0.5190 -0.4092 -0.3973
1305031248.661660 1305031248.662900 1.3884 0.5605 1.5415 0.6465 0.5036 -0.4176 -0.3925
1305031248.701134 1305031248.702900 1.3909 0.5621 1.5392 0.6590 0.4815 -0.4281 -0.3880
1305031248.729769 1305031248.732800 1.3932 0.5633 1.5373 0.6683 0.4663 -0.4345 -0.3836
1305031248.761715 1305031248.762800 1.3952 0.5651 1.5359 0.6737 0.4489 -0.4435 -0.3846
1305031248.797823 1305031248.792900 1.3968 0.5675 1.5340 0.6806 0.4332 -0.4478 -0.3854
1305031248.829728 1305031248.832900 1.3987 0.5722 1.5309 0.6935 0.4136 -0.4476 -0.3843
1305031248.861712 1305031248.862800 1.3997 0.5765 1.5286 0.6998 0.4006 -0.4469 -0.3874
1305031248.897740 1305031248.892900 1.4006 0.5813 1.5263 0.7054 0.3892 -0.4451 -0.3910
1305031248.929766 1305031248.932900 1.4018 0.5879 1.5227 0.7162 0.3737 -0.4405 -0.3917
1305031248.961755 1305031248.962800 1.4033 0.5928 1.5206 0.7227 0.3600 -0.4373 -0.3960
1305031248.997614 1305031248.992800 1.4041 0.5971 1.5182 0.7292 0.3496 -0.4361 -0.3948
1305031249.029697 1305031249.032800 1.4040 0.6017 1.5146 0.7361 0.3358 -0.4385 -0.3913
1305031249.062337 1305031249.062900 1.4033 0.6041 1.5119 0.7414 0.3277 -0.4405 -0.3859
1305031249.097689 1305031249.092800 1.4020 0.6059 1.5095 0.7436 0.3230 -0.4420 -0.3839
1305031249.129781 1305031249.132800 1.3998 0.6073 1.5063 0.7485 0.3186 -0.4404 -0.3798
1305031249.161749 1305031249.162800 1.3976 0.6075 1.5036 0.7534 0.3186 -0.4380 -0.3729
1305031249.197673 1305031249.192800 1.3958 0.6075 1.5019 0.7550 0.3180 -0.4397 -0.3683
1305031249.229768 1305031249.232800 1.3938 0.6071 1.5000 0.7566 0.3146 -0.4475 -0.3582
1305031249.261609 1305031249.262900 1.3922 0.6068 1.4989 0.7574 0.3128 -0.4544 -0.3494
1305031249.297950 1305031249.302900 1.3903 0.6065 1.4979 0.7545 0.3123 -0.4638 -0.3436
1305031249.329679 1305031249.333300 1.3895 0.6064 1.4972 0.7578 0.3119 -0.4642 -0.3361
1305031249.361754 1305031249.362800 1.3883 0.6060 1.4973 0.7562 0.3152 -0.4648 -0.3359
1305031249.397737 1305031249.392800 1.3874 0.6051 1.4984 0.7487 0.3234 -0.4659 -0.3431
1305031249.429851 1305031249.432900 1.3869 0.6031 1.5009 0.7394 0.3402 -0.4596 -0.3554
1305031249.461794 1305031249.462900 1.3852 0.6014 1.5030 0.7307 0.3560 -0.4533 -0.3659
1305031249.497685 1305031249.492800 1.3848 0.5995 1.5058 0.7224 0.3746 -0.4428 -0.3764
1305031249.529692 1305031249.532900 1.3843 0.5969 1.5108 0.7036 0.4009 -0.4323 -0.3967
1305031249.561863 1305031249.562800 1.3840 0.5955 1.5143 0.6937 0.4198 -0.4216 -0.4061
1305031249.597805 1305031249.592900 1.3830 0.5937 1.5176 0.6842 0.4429 -0.4086 -0.4107
1305031249.629760 1305031249.632800 1.3814 0.5919 1.5223 0.6648 0.4732 -0.3964 -0.4206
1305031249.662284 1305031249.662800 1.3800 0.5907 1.5253 0.6563 0.4936 -0.3788 -0.4268
1305031249.697653 1305031249.692900 1.3782 0.5892 1.5278 0.6449 0.5188 -0.3593 -0.4312
1305031249.729969 1305031249.732900 1.3759 0.5880 1.5313 0.6334 0.5445 -0.3332 -0.4373
1305031249.761822 1305031249.762900 1.3739 0.5869 1.5335 0.6259 0.5608 -0.3092 -0.4450
1305031249.797667 1305031249.792900 1.3723 0.5850 1.5355 0.6128 0.5806 -0.2883 -0.4519
1305031249.829797 1305031249.832800 1.3696 0.5831 1.5380 0.5954 0.6015 -0.2590 -0.4654
1305031249.861729 1305031249.862900 1.3672 0.5826 1.5396 0.5859 0.6136 -0.2316 -0.4760
1305031249.897548 1305031249.892900 1.3646 0.5821 1.5414 0.5756 0.6233 -0.2107 -0.4856
1305031249.929754 1305031249.932800 1.3613 0.5814 1.5441 0.5613 0.6340 -0.1897 -0.4970
1305031249.962232 1305031249.962800 1.3588 0.5806 1.5461 -0.5499 -0.6422 0.1759 0.5041
1305031249.997687 1305031249.992800 1.3565 0.5798 1.5473 -0.5423 -0.6492 0.1606 0.5085
1305031250.030025 1305031250.032800 1.3533 0.5779 1.5492 -0.5229 -0.6626 0.1401 0.5176
1305031250.061924 1305031250.062800 1.3509 0.5755 1.5503 -0.5018 -0.6764 0.1262 0.5242
1305031250.097604 1305031250.092800 1.3485 0.5729 1.5506 -0.4840 -0.6890 0.1141 0.5272
1305031250.129780 1305031250.132800 1.3449 0.5683 1.5496 -0.4584 -0.7104 0.1025 0.5241
1305031250.161809 1305031250.162800 1.3422 0.5642 1.5481 -0.4336 -0.7320 0.0982 0.5163
1305031250.197617 1305031250.192900 1.3398 0.5610 1.5468 -0.4154 -0.7467 0.0945 0.5109
1305031250.229670 1305031250.232800 1.3370 0.5575 1.5448 -0.3988 -0.7629 0.0827 0.5022
1305031250.261917 1305031250.262800 1.3352 0.5544 1.5435 0.3762 0.7776 -0.0833 -0.4969
1305031250.298182 1305031250.302800 1.3330 0.5506 1.5415 0.3496 0.7937 -0.0781 -0.4917
1305031250.329709 1305031250.332800 1.3319 0.5482 1.5396 0.3277 0.8060 -0.0707 -0.4878
1305031250.361596 1305031250.362900 1.3309 0.5461 1.5382 0.3089 0.8153 -0.0598 -0.4861
1305031250.397784 1305031250.392800 1.3289 0.5445 1.5364 0.2882 0.8209 -0.0497 -0.4905
1305031250.429731 1305031250.433000 1.3276 0.5429 1.5333 0.2671 0.8281 -0.0309 -0.4919
1305031250.461779 1305031250.462800 1.3269 0.5413 1.5305 0.2499 0.8355 -0.0189 -0.4889
1305031250.498138 1305031250.503300 1.3260 0.5392 1.5266 0.2312 0.8425 -0.0053 -0.4865
1305031250.529700 1305031250.532800 1.3256 0.5385 1.5239 0.2235 0.8458 0.0082 -0.4843
1305031250.561819 1305031250.563000 1.3246 0.5376 1.5207 0.2128 0.8490 0.0161 -0.4833
1305031250.597650 1305031250.592800 1.3246 0.5365 1.5179 0.2018 0.8533 0.0229 -0.4802
1305031250.629661 1305031250.632800 1.3243 0.5349 1.5141 0.1854 0.8575 0.0323 -0.4788
1305031250.661952 1305031250.662800 1.3245 0.5340 1.5106 0.1725 0.8617 0.0408 -0.4755
1305031250.697768 1305031250.692800 1.3250 0.5326 1.5068 0.1568 0.8681 0.0456 -0.4687
1305031250.729747 1305031250.732800 1.3258 0.5312 1.5023 0.1390 0.8724 0.0532 -0.4656
1305031250.761789 1305031250.762800 1.3258 0.5307 1.4999 0.1328 0.8737 0.0581 -0.4643
1305031250.797838 1305031250.802800 1.3261 0.5301 1.4968 0.1296 0.8774 0.0596 -0.4582
1305031250.829785 1305031250.832800 1.3263 0.5297 1.4960 0.1282 0.8787 0.0571 -0.4562
1305031250.861873 1305031250.862800 1.3266 0.5289 1.4955 0.1253 0.8799 0.0540 -0.4551
1305031250.897604 1305031250.892800 1.3267 0.5282 1.4951 0.1202 0.8821 0.0478 -0.4529
1305031250.930120 1305031250.932800 1.3269 0.5279 1.4954 0.1218 0.8824 0.0461 -0.4521
1305031250.961817 1305031250.962800 1.3269 0.5276 1.4966 0.1239 0.8811 0.0417 -0.4546
1305031250.997612 1305031250.992800 1.3268 0.5270 1.4976 0.1266 0.8820 0.0326 -0.4529
1305031251.029789 1305031251.032800 1.3267 0.5277 1.4995 0.1368 0.8822 0.0237 -0.4500
1305031251.061854 1305031251.062800 1.3264 0.5278 1.5020 0.1492 0.8806 0.0132 -0.4495
1305031251.097685 1305031251.092800 1.3266 0.5281 1.5052 0.1598 0.8778 -0.0009 -0.4515
1305031251.129731 1305031251.132800 1.3260 0.5293 1.5100 0.1826 0.8722 -0.0173 -0.4535
1305031251.161699 1305031251.162800 1.3257 0.5306 1.5142 0.2059 0.8651 -0.0308 -0.4564
1305031251.197672 1305031251.192800 1.3256 0.5318 1.5185 0.2250 0.8583 -0.0481 -0.4588
1305031251.229882 1305031251.232800 1.3263 0.5334 1.5240 0.2533 0.8488 -0.0725 -0.4583
1305031251.261872 1305031251.262800 1.3267 0.5353 1.5280 0.2796 0.8387 -0.0921 -0.4582
1305031251.297722 1305031251.292800 1.3268 0.5372 1.5316 0.3089 0.8253 -0.1121 -0.4592
1305031251.329608 1305031251.332800 1.3279 0.5402 1.5361 0.3412 0.8088 -0.1360 -0.4593
1305031251.361831 1305031251.362800 1.3288 0.5425 1.5386 0.3639 0.7973 -0.1503 -0.4575
1305031251.397736 1305031251.392800 1.3292 0.5448 1.5408 0.3865 0.7852 -0.1669 -0.4541
1305031251.429957 1305031251.432800 1.3297 0.5484 1.5440 0.4165 0.7654 -0.1895 -0.4524
1305031251.462288 1305031251.462800 1.3300 0.5511 1.5456 0.4378 0.7521 -0.2050 -0.4479
1305031251.497761 1305031251.492800 1.3308 0.5539 1.5472 0.4590 0.7376 -0.2192 -0.4441
1305031251.529827 1305031251.532800 1.3319 0.5583 1.5493 0.4887 0.7149 -0.2369 -0.4404
1305031251.561707 1305031251.562800 1.3326 0.5607 1.5504 0.5089 0.6982 -0.2497 -0.4373
1305031251.597657 1305031251.592800 1.3331 0.5629 1.5510 0.5262 0.6836 -0.2627 -0.4322
1305031251.629778 1305031251.632800 1.3346 0.5655 1.5520 0.5506 0.6616 -0.2845 -0.4222
1305031251.661814 1305031251.662800 1.3355 0.5672 1.5524 0.5679 0.6459 -0.3027 -0.4108
1305031251.698330 1305031251.702800 1.3361 0.5691 1.5524 0.5879 0.6265 -0.3279 -0.3930
1305031251.730175 1305031251.732800 1.3372 0.5705 1.5525 0.6041 0.6088 -0.3457 -0.3807
1305031251.761755 1305031251.762800 1.3386 0.5717 1.5529 0.6173 0.5913 -0.3650 -0.3689
1305031251.797678 1305031251.793100 1.3387 0.5725 1.5523 0.6281 0.5742 -0.3863 -0.3556
1305031251.829869 1305031251.832800 1.3402 0.5739 1.5514 0.6429 0.5515 -0.4118 -0.3360
1305031251.862143 1305031251.862800 1.3414 0.5750 1.5511 0.6487 0.5348 -0.4321 -0.3263
1305031251.897873 1305031251.902800 1.3427 0.5759 1.5496 0.6551 0.5152 -0.4549 -0.3139
1305031251.929898 1305031251.932800 1.3435 0.5770 1.5478 0.6641 0.4988 -0.4656 -0.3055
1305031251.961904 1305031251.962800 1.3439 0.5777 1.5458 0.6710 0.4854 -0.4741 -0.2990
1305031251.998343 1305031252.002800 1.3455 0.5795 1.5430 0.6799 0.4661 -0.4863 -0.2899
1305031252.029784 1305031252.032800 1.3470 0.5818 1.5407 0.6887 0.4461 -0.4968 -0.2828
1305031252.062017 1305031252.062800 1.3491 0.5846 1.5379 0.7017 0.4229 -0.5046 -0.2722
1305031252.098735 1305031252.102800 1.3525 0.5890 1.5338 0.7183 0.3932 -0.5115 -0.2604
1305031252.129719 1305031252.132800 1.3551 0.5925 1.5304 0.7282 0.3704 -0.5187 -0.2519
1305031252.161778 1305031252.162800 1.3579 0.5962 1.5268 0.7377 0.3447 -0.5242 -0.2495
1305031252.197852 1305031252.202800 1.3606 0.6001 1.5207 0.7532 0.3192 -0.5228 -0.2398
1305031252.229882 1305031252.232800 1.3615 0.6020 1.5160 0.7667 0.3026 -0.5195 -0.2251
1305031252.261747 1305031252.262800 1.3626 0.6045 1.5124 0.7757 0.2858 -0.5180 -0.2197
1305031252.297671 1305031252.292800 1.3632 0.6068 1.5094 0.7808 0.2727 -0.5175 -0.2194
1305031252.329954 1305031252.332800 1.3641 0.6088 1.5053 0.7905 0.2589 -0.5133 -0.2113
1305031252.361687 1305031252.362800 1.3651 0.6098 1.5031 0.7962 0.2478 -0.5116 -0.2071
1305031252.397494 1305031252.392800 1.3658 0.6093 1.5008 0.8009 0.2407 -0.5114 -0.1977
1305031252.429672 1305031252.432800 1.3670 0.6082 1.4987 0.8060 0.2301 -0.5129 -0.1855
1305031252.461722 1305031252.462800 1.3678 0.6066 1.4973 0.8090 0.2241 -0.5126 -0.1803
1305031252.497655 1305031252.492800 1.3675 0.6054 1.4964 0.8102 0.2220 -0.5128 -0.1770
1305031252.529692 1305031252.532800 1.3674 0.6038 1.4956 0.8102 0.2188 -0.5153 -0.1740
1305031252.561862 1305031252.562800 1.3670 0.6024 1.4948 0.8105 0.2156 -0.5187 -0.1662
1305031252.597647 1305031252.592800 1.3666 0.6016 1.4942 0.8096 0.2131 -0.5226 -0.1614
1305031252.629839 1305031252.632800 1.3657 0.6006 1.4946 0.8050 0.2189 -0.5263 -0.1645
1305031252.661594 1305031252.662800 1.3637 0.5999 1.4956 0.7995 0.2285 -0.5272 -0.1750
1305031252.698012 1305031252.702800 1.3608 0.5977 1.4977 0.7918 0.2517 -0.5197 -0.1989
1305031252.729811 1305031252.732800 1.3593 0.5951 1.4998 0.7867 0.2772 -0.5053 -0.2214
1305031252.761680 1305031252.762800 1.3584 0.5934 1.5021 0.7790 0.3006 -0.4880 -0.2541
1305031252.797683 1305031252.792800 1.3577 0.5915 1.5039 0.7726 0.3224 -0.4712 -0.2778
1305031252.831021 1305031252.833700 1.3564 0.5892 1.5050 0.7662 0.3491 -0.4524 -0.2941
1305031252.865804 1305031252.862900 1.3552 0.5883 1.5062 0.7601 0.3627 -0.4433 -0.3067
1305031252.897597 1305031252.892800 1.3539 0.5869 1.5075 0.7546 0.3795 -0.4346 -0.3125
1305031252.929687 1305031252.932800 1.3515 0.5840 1.5092 0.7417 0.4072 -0.4213 -0.3265
1305031252.965771 1305031252.962800 1.3500 0.5815 1.5109 0.7312 0.4286 -0.4110 -0.3358
1305031252.997652 1305031252.992800 1.3479 0.5785 1.5117 0.7204 0.4504 -0.3985 -0.3454
1305031253.029884 1305031253.032700 1.3453 0.5745 1.5127 0.7061 0.4813 -0.3789 -0.3553
1305031253.065901 1305031253.062700 1.3434 0.5716 1.5137 0.6938 0.5006 -0.3695 -0.3625
1305031253.097947 1305031253.102800 1.3417 0.5680 1.5155 0.6758 0.5252 -0.3569 -0.3743
1305031253.129728 1305031253.132900 1.3407 0.5649 1.5168 0.6583 0.5436 -0.3523 -0.3834
1305031253.165977 1305031253.162800 1.3394 0.5626 1.5174 0.6420 0.5615 -0.3511 -0.3864
1305031253.197610 1305031253.192800 1.3381 0.5611 1.5173 0.6337 0.5723 -0.3499 -0.3854
1305031253.229906 1305031253.232900 1.3374 0.5601 1.5168 0.6318 0.5802 -0.3497 -0.3767
1305031253.265536 1305031253.262800 1.3369 0.5596 1.5166 0.6310 0.5852 -0.3534 -0.3668
1305031253.297600 1305031253.292800 1.3362 0.5597 1.5164 0.6317 0.5861 -0.3576 -0.3600
1305031253.329972 1305031253.332800 1.3357 0.5608 1.5172 0.6325 0.5818 -0.3647 -0.3584
1305031253.366257 1305031253.362800 1.3352 0.5614 1.5174 0.6324 0.5786 -0.3695 -0.3590
1305031253.397735 1305031253.392800 1.3348 0.5612 1.5173 0.6325 0.5761 -0.3733 -0.3589
1305031253.429753 1305031253.432800 1.3341 0.5607 1.5170 0.6310 0.5725 -0.3780 -0.3622
1305031253.465716 1305031253.462800 1.3331 0.5601 1.5166 0.6297 0.5716 -0.3779 -0.3660
1305031253.497697 1305031253.492800 1.3320 0.5594 1.5162 0.6287 0.5710 -0.3776 -0.3690
1305031253.529706 1305031253.532800 1.3312 0.5586 1.5162 0.6272 0.5684 -0.3798 -0.3732
1305031253.565670 1305031253.562800 1.3307 0.5576 1.5155 0.6268 0.5692 -0.3806 -0.3718
1305031253.598121 1305031253.602700 1.3295 0.5568 1.5139 0.6286 0.5711 -0.3792 -0.3673
