1305033527.670034 1305033527.667207
1305033527.701984 1305033527.699102
1305033527.733905 1305033527.731140
1305033527.769943 1305033527.767506
1305033527.801981 1305033527.798457
1305033527.833907 1305033527.831093
1305033527.869941 1305033527.866572
1305033527.901960 1305033527.898785
1305033527.933929 1305033527.931152
1305033527.969980 1305033527.967581
1305033528.002019 1305033527.999279
1305033528.034009 1305033528.031390
1305033528.070091 1305033528.067532
1305033528.102036 1305033528.099084
1305033528.133965 1305033528.131155
1305033528.169886 1305033528.167714
1305033528.202011 1305033528.198811
1305033528.234026 1305033528.231384
1305033528.269953 1305033528.267951
1305033528.301989 1305033528.299278
1305033528.333973 1305033528.331353
1305033528.369960 1305033528.367591
1305033528.402061 1305033528.399406
1305033528.433944 1305033528.431250
1305033528.470018 1305033528.467356
1305033528.502260 1305033528.499245
1305033528.534014 1305033528.531295
1305033528.570001 1305033528.567426
1305033528.601902 1305033528.598758
1305033528.633991 1305033528.631011
1305033528.669999 1305033528.666422
1305033528.702008 1305033528.698393
1305033528.734048 1305033528.730366
1305033528.770045 1305033528.765829
1305033528.801994 1305033528.798392
1305033528.834358 1305033528.834368
1305033528.870165 1305033528.867283
1305033528.902092 1305033528.898322
1305033528.934258 1305033528.934263
1305033528.969917 1305033528.967717
1305033529.002386 1305033528.995154
1305033529.033896 1305033529.033908
1305033529.069872 1305033529.066192
1305033529.101938 1305033529.098321
1305033529.133980 1305033529.133355
1305033529.170050 1305033529.162894
1305033529.201938 1305033529.198412
1305033529.233933 1305033529.233597
1305033529.270157 1305033529.265504
1305033529.302066 1305033529.297490
1305033529.333974 1305033529.330951
1305033529.369872 1305033529.367533
1305033529.402096 1305033529.396612
1305033529.434347 1305033529.434366
1305033529.470113 1305033529.464199
1305033529.502276 1305033529.497345
1305033529.534027 1305033529.532507
1305033529.569932 1305033529.565277
1305033529.601908 1305033529.599223
1305033529.634597 1305033529.634613
1305033529.670029 1305033529.667792
1305033529.701928 1305033529.699236
1305033529.735154 1305033529.735278
1305033529.769985 1305033529.766503
1305033529.801904 1305033529.799237
1305033529.835176 1305033529.835186
1305033529.870052 1305033529.865444
1305033529.902039 1305033529.898418
1305033529.934438 1305033529.934449
1305033529.969975 1305033529.966629
1305033530.002319 1305033530.002331
1305033530.034539 1305033530.034549
1305033530.070092 1305033530.066464
1305033530.102640 1305033530.102647
1305033530.133963 1305033530.132920
1305033530.169975 1305033530.166620
1305033530.202533 1305033530.202545
1305033530.234343 1305033530.234355
1305033530.270089 1305033530.267095
1305033530.302540 1305033530.302560
1305033530.334417 1305033530.334435
1305033530.369991 1305033530.367499
1305033530.402280 1305033530.402349
1305033530.433939 1305033530.433956
1305033530.470001 1305033530.464959
1305033530.503176 1305033530.503205
1305033530.534056 1305033530.534065
1305033530.570011 1305033530.566864
1305033530.603079 1305033530.603089
1305033530.634562 1305033530.634573
1305033530.670053 1305033530.664418
1305033530.702904 1305033530.702921
1305033530.733843 1305033530.732732
1305033530.770069 1305033530.765611
1305033530.802640 1305033530.802656
1305033530.834043 1305033530.830991
1305033530.869990 1305033530.863579
1305033530.903177 1305033530.903194
1305033530.935393 1305033530.935412
1305033530.969918 1305033530.966314
1305033531.001895 1305033531.001055
1305033531.035071 1305033531.035090
1305033531.070068 1305033531.066813
1305033531.103063 1305033531.103082
1305033531.134773 1305033531.134786
1305033531.169952 1305033531.167254
1305033531.203418 1305033531.203447
1305033531.234207 1305033531.234226
1305033531.272671 1305033531.272676
1305033531.303205 1305033531.303220
1305033531.335001 1305033531.335007
1305033531.370504 1305033531.370518
1305033531.403347 1305033531.403368
1305033531.435427 1305033531.435446
1305033531.470310 1305033531.470329
1305033531.503808 1305033531.503826
1305033531.534928 1305033531.534964
1305033531.571452 1305033531.571478
1305033531.603611 1305033531.603628
1305033531.635605 1305033531.635613
1305033531.671650 1305033531.671684
1305033531.703406 1305033531.703437
1305033531.735412 1305033531.735443
1305033531.771384 1305033531.771402
1305033531.802701 1305033531.802738
1305033531.833841 1305033531.832924
1305033531.872625 1305033531.872633
1305033531.902835 1305033531.902862
1305033531.933904 1305033531.933910
1305033531.971524 1305033531.971477
1305033532.003220 1305033532.003233
1305033532.033792 1305033532.033128
1305033532.071576 1305033532.071645
1305033532.101891 1305033532.100357
1305033532.135137 1305033532.135153
1305033532.171224 1305033532.171255
1305033532.203554 1305033532.203575
1305033532.233903 1305033532.231200
1305033532.271672 1305033532.271690
1305033532.303369 1305033532.303390
1305033532.335390 1305033532.335408
1305033532.371841 1305033532.371873
1305033532.403250 1305033532.403267
1305033532.435086 1305033532.435118
1305033532.471928 1305033532.471694
1305033532.502026 1305033532.502059
1305033532.539103 1305033532.539122
1305033532.571563 1305033532.571615
1305033532.603569 1305033532.603589
1305033532.635683 1305033532.635943
1305033532.672619 1305033532.671804
1305033532.702116 1305033532.700913
1305033532.739491 1305033532.739565
1305033532.772110 1305033532.772142
1305033532.802328 1305033532.802411
1305033532.839648 1305033532.839301
1305033532.871167 1305033532.871214
1305033532.903405 1305033532.903424
1305033532.936355 1305033532.936363
1305033532.970791 1305033532.970799
1305033533.003810 1305033533.003843
1305033533.037901 1305033533.034901
1305033533.069932 1305033533.068327
1305033533.101970 1305033533.099159
1305033533.137702 1305033533.136584
1305033533.169879 1305033533.168378
1305033533.202524 1305033533.202533
1305033533.238626 1305033533.238654
1305033533.270604 1305033533.270615
1305033533.302453 1305033533.302491
1305033533.338311 1305033533.338331
1305033533.369923 1305033533.368533
1305033533.402013 1305033533.398889
1305033533.437814 1305033533.436385
1305033533.469894 1305033533.469433
1305033533.502497 1305033533.502764
1305033533.537975 1305033533.535174
1305033533.570826 1305033533.571109
1305033533.602884 1305033533.602902
1305033533.638668 1305033533.638681
1305033533.669970 1305033533.668149
1305033533.702207 1305033533.699797
1305033533.738135 1305033533.735510
1305033533.770018 1305033533.769695
1305033533.805970 1305033533.805983
1305033533.839051 1305033533.839160
1305033533.871275 1305033533.871282
1305033533.907675 1305033533.907403
1305033533.939020 1305033533.939033
1305033533.970792 1305033533.970912
1305033534.006647 1305033534.006662
1305033534.038452 1305033534.038469
1305033534.070751 1305033534.070804
1305033534.106542 1305033534.106555
1305033534.138454 1305033534.138473
1305033534.170552 1305033534.170561
1305033534.206832 1305033534.206851
1305033534.238661 1305033534.238673
1305033534.269974 1305033534.267014
1305033534.306394 1305033534.306401
1305033534.338523 1305033534.338536
1305033534.370489 1305033534.370497
1305033534.406522 1305033534.406555
1305033534.438479 1305033534.438491
1305033534.470619 1305033534.470651
1305033534.506416 1305033534.506432
1305033534.538586 1305033534.538596
1305033534.571041 1305033534.571076
1305033534.607084 1305033534.607093
1305033534.639612 1305033534.639646
1305033534.671420 1305033534.671453
1305033534.706998 1305033534.707020
1305033534.737977 1305033534.735149
1305033534.769899 1305033534.767106
1305033534.806777 1305033534.806807
1305033534.839367 1305033534.839381
1305033534.871560 1305033534.871592
1305033534.906881 1305033534.906915
1305033534.939455 1305033534.939467
1305033534.975303 1305033534.975320
1305033535.007644 1305033535.007679
1305033535.039542 1305033535.039556
1305033535.075358 1305033535.075370
1305033535.107726 1305033535.107742
1305033535.137976 1305033535.135110
1305033535.174375 1305033535.174385
1305033535.206381 1305033535.206390
1305033535.238648 1305033535.238658
1305033535.274515 1305033535.274524
1305033535.306554 1305033535.306561
1305033535.338664 1305033535.338683
1305033535.374612 1305033535.374622
1305033535.406681 1305033535.406692
1305033535.438751 1305033535.438782
1305033535.474572 1305033535.475667
1305033535.506535 1305033535.506574
1305033535.538690 1305033535.538701
1305033535.574684 1305033535.574717
1305033535.606541 1305033535.606557
1305033535.638675 1305033535.638687
1305033535.674647 1305033535.674659
1305033535.706590 1305033535.706599
1305033535.739050 1305033535.739060
1305033535.774484 1305033535.774514
1305033535.806446 1305033535.806453
1305033535.837736 1305033535.835149
1305033535.874456 1305033535.874466
1305033535.906798 1305033535.906806
1305033535.939292 1305033535.939396
1305033535.975405 1305033535.975430
1305033536.008091 1305033536.008100
1305033536.039420 1305033536.039438
1305033536.075320 1305033536.075338
1305033536.107442 1305033536.107471
1305033536.137919 1305033536.135225
1305033536.175221 1305033536.175253
1305033536.203650 1305033536.203662
1305033536.241700 1305033536.241732
1305033536.275136 1305033536.275154
1305033536.305856 1305033536.305662
1305033536.343052 1305033536.343070
1305033536.375071 1305033536.375082
1305033536.404679 1305033536.404696
1305033536.443576 1305033536.443607
1305033536.474256 1305033536.474264
1305033536.507269 1305033536.507286
1305033536.542479 1305033536.542489
1305033536.573337 1305033536.573343
1305033536.604428 1305033536.604432
1305033536.643164 1305033536.643332
1305033536.675458 1305033536.675476
1305033536.707440 1305033536.707459
1305033536.743296 1305033536.743694
1305033536.775276 1305033536.775296
1305033536.808196 1305033536.808214
1305033536.843463 1305033536.843484
1305033536.871274 1305033536.871283
1305033536.907652 1305033536.907681
1305033536.943379 1305033536.943390
1305033536.975402 1305033536.975426
1305033537.007346 1305033537.007350
1305033537.043379 1305033537.043401
1305033537.075249 1305033537.075262
1305033537.107490 1305033537.107501
1305033537.143619 1305033537.143797
1305033537.175495 1305033537.175515
1305033537.207418 1305033537.207435
1305033537.243687 1305033537.243704
1305033537.275552 1305033537.275596
1305033537.307573 1305033537.307598
1305033537.343855 1305033537.343885
1305033537.375637 1305033537.375654
1305033537.407662 1305033537.407736
1305033537.443628 1305033537.443651
1305033537.475437 1305033537.475455
1305033537.502235 1305033537.514611
1305033537.543400 1305033537.543410
1305033537.575726 1305033537.575731
1305033537.602340 1305033537.614332
1305033537.639757 1305033537.639764
1305033537.674027 1305033537.674057
1305033537.702286 1305033537.713309
1305033537.743774 1305033537.744155
1305033537.775789 1305033537.776189
1305033537.802399 1305033537.811762
1305033537.844740 1305033537.843842
1305033537.875839 1305033537.875848
1305033537.902446 1305033537.908190
1305033537.944108 1305033537.944118
1305033537.975959 1305033537.975978
1305033538.002467 1305033538.008380
1305033538.041600 1305033538.041614
1305033538.074355 1305033538.074399
1305033538.102511 1305033538.110815
1305033538.144040 1305033538.144144
1305033538.175947 1305033538.175965
1305033538.202595 1305033538.211170
1305033538.243995 1305033538.244011
1305033538.275794 1305033538.275800
1305033538.302690 1305033538.312395
1305033538.344100 1305033538.344121
1305033538.376150 1305033538.376229
1305033538.402749 1305033538.414751
1305033538.443205 1305033538.443216
1305033538.471634 1305033538.471678
1305033538.502753 1305033538.513676
1305033538.543405 1305033538.543423
1305033538.575517 1305033538.575526
1305033538.602851 1305033538.612159
1305033538.643531 1305033538.643539
1305033538.670915 1305033538.681503
1305033538.703005 1305033538.712032
1305033538.743340 1305033538.743360
1305033538.770882 1305033538.780288
1305033538.802949 1305033538.812107
1305033538.844389 1305033538.844398
1305033538.870947 1305033538.881033
1305033538.902977 1305033538.912812
1305033538.944634 1305033538.944643
1305033538.970999 1305033538.981406
1305033539.003002 1305033539.013098
1305033539.044577 1305033539.044587
1305033539.071038 1305033539.085144
1305033539.103073 1305033539.113030
1305033539.144433 1305033539.144464
1305033539.171128 1305033539.182281
1305033539.202974 1305033539.214986
1305033539.244402 1305033539.244421
1305033539.271203 1305033539.279023
1305033539.303420 1305033539.315403
1305033539.344491 1305033539.344510
1305033539.371428 1305033539.379901
1305033539.403098 1305033539.411652
1305033539.443553 1305033539.443586
1305033539.471316 1305033539.476931
1305033539.503332 1305033539.510482
1305033539.542411 1305033539.542638
1305033539.571542 1305033539.577283
1305033539.603504 1305033539.610324
1305033539.642471 1305033539.642534
1305033539.671545 1305033539.677387
1305033539.703342 1305033539.712192
1305033539.743168 1305033539.743179
1305033539.771215 1305033539.778180
1305033539.803393 1305033539.811765
1305033539.844495 1305033539.844516
1305033539.871406 1305033539.879583
1305033539.903596 1305033539.910770
1305033539.939497 1305033539.946888
1305033539.971508 1305033539.982086
1305033540.003525 1305033540.010632
1305033540.039518 1305033540.048156
1305033540.071556 1305033540.078952
1305033540.103575 1305033540.109747
1305033540.139565 1305033540.149164
1305033540.171614 1305033540.178285
1305033540.203600 1305033540.213247
1305033540.239618 1305033540.247983
1305033540.271677 1305033540.277186
1305033540.303650 1305033540.310860
1305033540.339664 1305033540.348660
1305033540.371702 1305033540.378565
1305033540.403698 1305033540.410270
1305033540.439718 1305033540.448993
1305033540.471744 1305033540.477705
1305033540.503736 1305033540.510210
1305033540.539756 1305033540.545663
1305033540.571669 1305033540.577440
1305033540.603778 1305033540.611712
1305033540.639802 1305033540.648847
1305033540.671866 1305033540.677258
1305033540.703705 1305033540.710553
1305033540.739866 1305033540.748173
1305033540.771871 1305033540.777075
1305033540.803745 1305033540.810475
1305033540.839891 1305033540.848543
1305033540.871947 1305033540.877245
1305033540.903965 1305033540.909885
1305033540.940142 1305033540.948594
1305033540.972017 1305033540.978313
1305033541.003911 1305033541.012573
1305033541.040004 1305033541.047256
1305033541.071959 1305033541.085230
1305033541.103979 1305033541.115511
1305033541.140007 1305033541.146177
1305033541.171938 1305033541.179935
1305033541.203985 1305033541.217330
1305033541.239962 1305033541.246343
1305033541.271980 1305033541.279244
1305033541.303933 1305033541.312907
1305033541.339959 1305033541.350757
1305033541.371973 1305033541.379005
1305033541.404069 1305033541.418695
1305033541.439966 1305033541.445429
1305033541.472055 1305033541.478319
1305033541.504009 1305033541.519201
1305033541.539971 1305033541.548518
1305033541.572082 1305033541.578051
1305033541.604042 1305033541.617159
1305033541.639980 1305033541.646970
1305033541.672022 1305033541.678017
1305033541.704001 1305033541.714585
1305033541.739992 1305033541.745961
1305033541.772024 1305033541.777963
1305033541.803997 1305033541.813646
1305033541.839993 1305033541.846292
1305033541.872001 1305033541.877341
1305033541.903965 1305033541.914387
1305033541.939961 1305033541.946385
1305033541.971944 1305033541.977670
1305033542.003968 1305033542.013670
1305033542.039923 1305033542.048070
1305033542.071937 1305033542.078343
1305033542.103993 1305033542.114101
1305033542.139985 1305033542.145709
1305033542.172013 1305033542.177282
1305033542.204179 1305033542.213850
1305033542.240318 1305033542.249260
1305033542.271976 1305033542.277884
1305033542.304128 1305033542.316173
1305033542.340007 1305033542.346991
1305033542.372071 1305033542.381104
1305033542.407881 1305033542.419250
1305033542.439966 1305033542.447602
1305033542.472000 1305033542.482773
1305033542.507854 1305033542.515248
1305033542.540012 1305033542.547135
1305033542.571969 1305033542.582124
1305033542.608015 1305033542.615187
1305033542.639941 1305033542.648018
1305033542.672238 1305033542.683084
1305033542.707960 1305033542.715656
1305033542.740019 1305033542.746859
1305033542.771950 1305033542.784004
1305033542.808028 1305033542.816577
1305033542.839939 1305033542.845636
1305033542.871964 1305033542.881638
1305033542.908104 1305033542.917351
1305033542.939844 1305033542.947614
1305033542.971974 1305033542.983106
1305033543.007968 1305033543.015430
1305033543.039967 1305033543.049547
1305033543.072135 1305033543.082798
1305033543.107925 1305033543.114959
1305033543.139951 1305033543.146753
1305033543.172106 1305033543.184255
1305033543.207931 1305033543.214287
1305033543.240033 1305033543.248865
1305033543.272004 1305033543.282499
1305033543.308000 1305033543.316145
1305033543.339972 1305033543.348987
1305033543.371990 1305033543.382694
1305033543.407964 1305033543.417022
1305033543.440048 1305033543.446192
1305033543.471988 1305033543.483620
1305033543.507966 1305033543.516345
1305033543.539943 1305033543.547185
1305033543.572019 1305033543.582138
1305033543.608012 1305033543.615751
1305033543.640627 1305033543.649539
1305033543.672031 1305033543.681302
1305033543.707861 1305033543.716680
1305033543.739958 1305033543.750933
1305033543.771927 1305033543.783764
1305033543.807901 1305033543.816423
1305033543.840066 1305033543.850197
1305033543.872062 1305033543.881218
1305033543.907963 1305033543.914957
1305033543.939940 1305033543.951698
1305033543.971941 1305033543.981789
1305033544.007959 1305033544.016953
1305033544.039989 1305033544.050711
1305033544.072098 1305033544.085722
1305033544.107970 1305033544.116750
1305033544.139947 1305033544.150548
1305033544.172048 1305033544.181595
1305033544.208166 1305033544.219509
1305033544.239968 1305033544.250794
1305033544.272204 1305033544.281881
1305033544.307977 1305033544.316992
1305033544.339999 1305033544.350646
1305033544.372062 1305033544.382140
1305033544.407927 1305033544.417388
1305033544.439901 1305033544.449288
1305033544.472185 1305033544.482605
1305033544.507909 1305033544.516251
1305033544.539983 1305033544.550368
1305033544.572059 1305033544.582169
1305033544.607960 1305033544.616123
1305033544.640040 1305033544.650496
1305033544.672142 1305033544.680864
1305033544.708156 1305033544.713936
1305033544.739928 1305033544.751799
1305033544.772174 1305033544.784441
1305033544.807983 1305033544.815663
1305033544.840010 1305033544.850042
1305033544.872116 1305033544.883192
1305033544.907777 1305033544.919907
1305033544.939848 1305033544.949611
1305033544.971989 1305033544.982980
1305033545.007915 1305033545.018075
1305033545.040094 1305033545.050610
1305033545.071928 1305033545.082125
1305033545.108141 1305033545.118068
1305033545.139997 1305033545.149933
1305033545.172000 1305033545.180912
1305033545.207996 1305033545.219890
1305033545.240043 1305033545.250921
1305033545.272059 1305033545.284546
1305033545.308058 1305033545.319117
1305033545.339931 1305033545.350621
1305033545.372093 1305033545.383410
1305033545.408031 1305033545.419291
1305033545.440032 1305033545.450395
1305033545.472172 1305033545.481423
1305033545.508020 1305033545.521246
1305033545.540001 1305033545.550669
1305033545.572074 1305033545.582229
1305033545.608001 1305033545.622315
1305033545.640203 1305033545.649942
1305033545.672134 1305033545.682123
1305033545.708266 1305033545.717387
1305033545.740136 1305033545.752689
1305033545.771903 1305033545.781848
1305033545.808009 1305033545.822682
1305033545.840003 1305033545.854299
1305033545.872068 1305033545.882887
1305033545.907982 1305033545.920740
1305033545.939976 1305033545.953572
1305033545.972036 1305033545.981423
1305033546.008052 1305033546.021510
1305033546.039979 1305033546.053137
1305033546.071992 1305033546.083369
1305033546.107951 1305033546.119194
1305033546.139987 1305033546.149711
1305033546.172247 1305033546.187595
1305033546.208142 1305033546.219409
1305033546.240499 1305033546.252100
1305033546.271987 1305033546.285652
1305033546.308217 1305033546.318525
1305033546.339928 1305033546.350818
1305033546.372019 1305033546.385104
1305033546.407778 1305033546.416988
1305033546.439943 1305033546.451897
1305033546.472094 1305033546.485760
1305033546.507882 1305033546.520840
1305033546.539974 1305033546.551618
1305033546.572101 1305033546.585390
1305033546.607956 1305033546.621280
1305033546.640064 1305033546.650778
1305033546.672140 1305033546.686033
1305033546.707998 1305033546.721496
1305033546.739975 1305033546.751368
1305033546.771997 1305033546.785287
1305033546.807960 1305033546.820621
1305033546.839978 1305033546.851352
1305033546.871991 1305033546.885336
1305033546.907959 1305033546.921200
1305033546.940042 1305033546.951225
1305033546.972133 1305033546.987371
1305033547.007986 1305033547.021549
1305033547.039973 1305033547.051523
1305033547.072051 1305033547.087366
1305033547.107973 1305033547.120893
1305033547.139964 1305033547.151383
1305033547.171990 1305033547.185523
1305033547.208019 1305033547.221122
1305033547.240019 1305033547.250597
1305033547.272008 1305033547.288626
1305033547.307975 1305033547.321316
1305033547.340021 1305033547.355007
1305033547.372227 1305033547.385938
1305033547.407924 1305033547.417511
1305033547.440119 1305033547.456084
1305033547.472121 1305033547.486148
1305033547.508002 1305033547.518921
1305033547.540002 1305033547.553656
1305033547.571945 1305033547.586145
1305033547.607867 1305033547.619901
1305033547.639866 1305033547.654165
1305033547.672081 1305033547.688903
1305033547.707937 1305033547.719686
1305033547.739860 1305033547.755133
1305033547.771903 1305033547.788023
1305033547.807957 1305033547.820676
1305033547.839913 1305033547.855737
1305033547.872133 1305033547.885335
1305033547.907862 1305033547.920570
1305033547.940013 1305033547.956633
1305033547.972166 1305033547.985542
1305033548.007950 1305033548.020326
1305033548.072059 1305033548.056443
1305033548.107983 1305033548.116966
1305033548.140062 1305033548.153141
1305033548.172076 1305033548.186214
1305033548.207985 1305033548.221236
1305033548.239986 1305033548.254879
1305033548.272093 1305033548.288588
1305033548.308005 1305033548.320193
1305033548.340012 1305033548.355943
1305033548.371963 1305033548.387429
1305033548.408013 1305033548.420622
1305033548.439833 1305033548.455729
1305033548.472090 1305033548.486244
1305033548.507972 1305033548.520516
1305033548.540004 1305033548.556164
1305033548.572101 1305033548.587222
1305033548.607941 1305033548.623083
1305033548.639977 1305033548.653034
1305033548.671980 1305033548.685027
1305033548.708005 1305033548.722164
1305033548.740008 1305033548.753816
1305033548.772034 1305033548.788875
1305033548.839886 1305033548.825060
1305033548.871998 1305033548.885975
1305033548.907968 1305033548.923151
1305033548.939893 1305033548.956851
1305033548.972156 1305033548.986320
1305033549.008413 1305033549.022014
1305033549.040009 1305033549.055821
1305033549.071865 1305033549.089565
1305033549.108050 1305033549.123218
1305033549.140011 1305033549.156024
1305033549.171994 1305033549.185212
1305033549.207991 1305033549.221649
1305033549.240017 1305033549.254395
1305033549.271996 1305033549.285602
1305033549.307930 1305033549.321001
1305033549.339824 1305033549.353010
1305033549.371997 1305033549.385421
1305033549.407979 1305033549.424022
1305033549.440046 1305033549.454879
1305033549.471996 1305033549.486035
1305033549.507981 1305033549.523837
1305033549.540005 1305033549.554819
1305033549.572036 1305033549.585164
1305033549.607937 1305033549.624488
1305033549.640078 1305033549.653851
1305033549.672038 1305033549.684986
1305033549.707960 1305033549.722394
1305033549.739984 1305033549.752786
1305033549.772049 1305033549.788755
1305033549.807960 1305033549.823491
1305033549.839997 1305033549.852907
1305033549.871994 1305033549.889095
1305033549.907983 1305033549.921003
1305033549.939937 1305033549.952972
1305033549.971986 1305033549.989146
1305033550.007990 1305033550.020983
1305033550.040088 1305033550.052945
1305033550.072003 1305033550.090333
1305033550.107986 1305033550.120911
1305033550.139999 1305033550.154259
1305033550.172048 1305033550.190791
1305033550.207965 1305033550.223858
1305033550.240031 1305033550.252932
1305033550.271999 1305033550.289321
1305033550.307969 1305033550.321228
1305033550.339999 1305033550.353084
1305033550.407993 1305033550.422514
1305033550.439998 1305033550.452924
1305033550.471998 1305033550.489866
1305033550.507974 1305033550.524358
1305033550.540052 1305033550.553051
1305033550.572006 1305033550.589688
1305033550.608021 1305033550.623381
1305033550.640049 1305033550.652947
1305033550.708008 1305033550.692709
1305033550.739973 1305033550.752939
1305033550.940002 1305033550.924079
1305033551.071927 1305033551.056374
1305033551.107954 1305033551.122045
1305033551.172173 1305033551.158727
1305033551.208178 1305033551.222081
1305033551.272480 1305033551.257756
1305033551.307992 1305033551.291995
1305033551.339823 1305033551.324626
1305033551.372201 1305033551.360849
1305033551.407983 1305033551.390890
1305033551.440025 1305033551.424608
1305033551.471981 1305033551.460618
1305033551.508090 1305033551.489695
1305033551.539849 1305033551.524873
1305033551.572013 1305033551.559711
1305033551.607863 1305033551.622942
1305033551.672323 1305033551.657233
1305033551.708185 1305033551.723768
1305033551.740243 1305033551.756678
1305033551.775847 1305033551.788826
1305033551.808034 1305033551.823004
1305033551.840134 1305033551.856726
1305033551.875927 1305033551.889049
1305033551.908206 1305033551.921172
1305033551.940355 1305033551.959220
1305033551.975963 1305033551.990289
1305033552.007946 1305033552.021731
1305033553.275904 1305033553.260273
1305033553.307809 1305033553.292530
1305033553.340015 1305033553.326872
1305033553.375997 1305033553.357532
1305033553.407850 1305033553.392318
1305033553.440081 1305033553.428149
1305033553.475869 1305033553.491606
1305033553.540018 1305033553.526818
1305033553.576021 1305033553.559960
1305033553.607952 1305033553.596407
1305033553.639906 1305033553.626924
1305033553.676166 1305033553.658491
1305033553.707981 1305033553.693077
1305033553.740026 1305033553.725464
1305033553.775868 1305033553.759792
1305033553.807988 1305033553.793111
1305033553.839976 1305033553.825122
1305033553.875967 1305033553.857120
1305033553.907991 1305033553.893428
1305033553.940005 1305033553.924937
1305033553.975991 1305033553.957374
1305033554.007993 1305033553.993024
1305033554.040034 1305033554.024997
1305033554.076023 1305033554.057440
1305033554.108000 1305033554.095400
1305033554.140044 1305033554.124956
1305033554.176007 1305033554.157357
1305033554.208055 1305033554.193722
1305033554.240172 1305033554.224975
1305033554.276067 1305033554.256765
1305033554.308153 1305033554.292986
1305033554.340248 1305033554.324909
1305033554.375987 1305033554.356911
1305033554.407990 1305033554.395002
1305033554.440087 1305033554.424987
1305033554.476213 1305033554.456967
1305033554.508046 1305033554.493958
1305033554.540140 1305033554.524948
1305033554.576065 1305033554.556848
1305033554.608016 1305033554.593108
1305033554.639905 1305033554.625046
1305033554.676230 1305033554.657367
1305033554.708025 1305033554.694330
1305033554.740334 1305033554.724966
1305033554.776018 1305033554.756925
1305033554.807959 1305033554.794129
1305033554.840166 1305033554.825095
1305033554.875815 1305033554.861108
1305033554.907959 1305033554.893015
1305033554.940186 1305033554.926641
1305033554.975951 1305033554.962918
1305033555.007831 1305033554.994504
1305033555.039870 1305033555.025326
1305033555.075830 1305033555.062392
1305033555.107911 1305033555.093762
1305033555.139873 1305033555.126586
1305033555.175848 1305033555.162970
1305033555.211406 1305033555.204278
1305033555.239872 1305033555.227201
1305033555.275906 1305033555.262309
1305033555.307889 1305033555.293555
1305033555.340024 1305033555.326843
1305033555.376127 1305033555.362691
1305033555.407926 1305033555.394389
1305033555.439798 1305033555.428219
1305033555.475830 1305033555.461031
1305033555.508054 1305033555.493417
1305033555.540167 1305033555.526092
1305033555.576015 1305033555.564451
1305033555.607900 1305033555.595839
1305033555.640030 1305033555.628629
1305033555.676147 1305033555.665442
1305033555.707999 1305033555.693217
1305033555.740085 1305033555.728310
1305033555.776007 1305033555.761242
1305033555.808005 1305033555.793002
1305033555.839877 1305033555.825743
1305033555.876037 1305033555.862758
1305033555.908152 1305033555.894806
1305033555.940117 1305033555.927546
1305033556.076013 1305033556.063252
1305033556.108101 1305033556.093748
1305033556.140060 1305033556.129228
1305033556.176122 1305033556.161177
1305033556.207982 1305033556.193135
1305033556.239930 1305033556.230434
1305033556.275993 1305033556.261369
1305033556.307938 1305033556.293171
1305033556.340038 1305033556.330690
1305033556.375886 1305033556.363758
1305033556.407971 1305033556.394910
1305033556.439968 1305033556.431878
1305033556.475859 1305033556.462098
1305033556.507904 1305033556.495112
1305033556.540025 1305033556.531820
1305033556.575852 1305033556.565253
1305033556.607872 1305033556.593982
1305033556.640041 1305033556.632677
1305033556.675955 1305033556.662092
1305033556.707983 1305033556.693407
1305033556.739980 1305033556.729727
1305033556.775974 1305033556.761270
1305033556.808045 1305033556.793342
1305033556.839919 1305033556.830615
1305033556.876019 1305033556.861723
1305033556.907887 1305033556.896027
1305033556.939975 1305033556.930665
1305033556.975893 1305033556.964127
1305033557.007877 1305033556.994844
1305033557.040035 1305033557.029527
1305033557.075946 1305033557.062126
1305033557.207975 1305033557.193065
1305033557.240012 1305033557.231612
1305033557.276050 1305033557.264927
1305033557.307889 1305033557.297750
1305033557.340045 1305033557.330172
1305033557.376086 1305033557.361868
1305033557.408418 1305033557.398278
1305033557.440158 1305033557.430151
1305033557.476007 1305033557.462405
1305033557.508957 1305033557.500810
1305033557.540147 1305033557.530053
1305033557.576011 1305033557.562807
1305033557.608076 1305033557.600708
1305033557.640067 1305033557.633277
1305033557.675921 1305033557.662130
1305033557.708017 1305033557.698261
1305033557.739934 1305033557.730574
1305033557.775894 1305033557.765129
1305033557.807892 1305033557.798101
1305033557.839884 1305033557.831869
1305033557.875991 1305033557.861116
1305033557.908090 1305033557.897312
1305033557.940084 1305033557.928981
1305033557.976015 1305033557.960930
1305033558.008091 1305033557.999355
1305033558.039892 1305033558.031759
1305033558.075872 1305033558.061119
1305033558.108007 1305033558.099317
1305033558.139983 1305033558.129000
1305033558.175960 1305033558.166137
1305033558.207949 1305033558.198779
1305033558.576013 1305033558.568317
1305033558.608046 1305033558.599088
1305033558.640092 1305033558.630839
1305033558.676023 1305033558.666892
1305033558.708030 1305033558.697107
1305033558.740101 1305033558.730874
1305033558.776017 1305033558.768105
1305033558.807983 1305033558.799259
1305033558.839871 1305033558.832395
1305033558.876551 1305033558.868299
1305033558.908105 1305033558.897853
1305033558.939967 1305033558.930522
1305033558.976272 1305033558.968227
1305033559.008000 1305033558.997764
1305033559.040382 1305033559.029784
1305033559.076769 1305033559.069319
1305033559.109646 1305033559.101802
1305033559.139920 1305033559.134336
1305033559.175997 1305033559.169482
1305033559.208040 1305033559.201213
1305033559.239863 1305033559.233404
1305033559.276037 1305033559.269069
1305033559.307898 1305033559.299062
1305033559.340098 1305033559.330922
1305033559.375961 1305033559.368958
1305033559.407979 1305033559.396996
1305033559.440041 1305033559.431676
1305033559.476020 1305033559.467776
1305033559.507932 1305033559.497143
1305033559.808038 1305033559.798556
1305033559.840057 1305033559.835895
1305033559.875882 1305033559.867752
1305033559.908073 1305033559.901399
1305033559.940079 1305033559.935668
1305033559.976033 1305033559.969068
1305033560.008053 1305033559.997221
1305033560.040022 1305033560.036150
1305033560.076066 1305033560.066334
1305033560.107878 1305033560.098970
1305033560.139985 1305033560.134570
1305033560.175953 1305033560.166786
1305033560.207885 1305033560.198459
1305033560.240149 1305033560.234202
1305033560.275875 1305033560.265599
1305033560.308068 1305033560.297871
1305033560.340794 1305033560.335934
1305033560.376140 1305033560.365215
1305033560.408223 1305033560.396814
1305033560.440133 1305033560.433964
1305033560.476175 1305033560.468413
1305033560.508010 1305033560.498188
1305033560.540071 1305033560.536601
1305033560.576121 1305033560.568428
1305033560.608124 1305033560.600721
1305033560.640091 1305033560.634755
1305033560.676024 1305033560.668792
1305033560.708282 1305033560.701314
1305033560.740039 1305033560.736903
1305033560.776130 1305033560.769401
1305033560.808007 1305033560.799668
1305033560.840109 1305033560.836429
1305033561.075981 1305033561.067186
1305033561.175991 1305033561.169520
1305033561.207947 1305033561.205400
1305033561.244096 1305033561.237441
1305033561.276018 1305033561.269472
1305033561.308038 1305033561.304196
1305033561.344315 1305033561.333366
1305033561.376023 1305033561.365988
1305033561.408071 1305033561.401980
1305033561.444167 1305033561.433604
1305033561.475883 1305033561.468494
1305033561.508997 1305033561.502382
1305033561.544443 1305033561.536246
1305033561.576172 1305033561.569702
1305033561.608228 1305033561.605638
1305033561.643844 1305033561.633295
1305033561.676177 1305033561.666476
1305033561.708201 1305033561.704529
1305033561.744331 1305033561.737139
1305033561.776130 1305033561.765183
1305033561.808115 1305033561.801147
1305033561.843975 1305033561.832886
1305033561.876180 1305033561.865510
1305033561.908054 1305033561.901155
1305033561.944175 1305033561.932986
1305033561.976031 1305033561.965102
1305033562.008340 1305033562.001400
1305033562.043859 1305033562.036433
1305033562.444037 1305033562.437155
1305033562.476159 1305033562.472866
1305033562.508226 1305033562.505111
1305033562.544074 1305033562.536758
1305033562.575998 1305033562.570679
1305033562.608172 1305033562.605200
1305033562.643989 1305033562.633315
1305033562.676123 1305033562.671759
1305033562.709353 1305033562.702434
1305033562.744034 1305033562.735233
1305033562.775949 1305033562.773041
1305033562.808427 1305033562.802681
1305033562.844181 1305033562.835338
1305033562.876076 1305033562.870024
1305033562.907918 1305033562.901883
1305033562.943995 1305033562.934803
1305033562.975904 1305033562.968769
1305033563.008047 1305033563.001076
1305033563.044010 1305033563.034865
1305033563.075836 1305033563.069014
1305033563.108021 1305033563.100982
1305033563.143880 1305033563.132963
1305033563.175944 1305033563.172106
1305033563.208079 1305033563.201659
1305033563.243967 1305033563.235656
1305033563.276048 1305033563.270699
1305033563.308045 1305033563.305315
1305033563.343985 1305033563.335985
1305033563.376120 1305033563.370537
1305033563.407992 1305033563.405111
1305033563.443962 1305033563.435855
1305033563.475960 1305033563.472965
1305033564.807990 1305033564.806879
1305033564.843978 1305033564.841422
1305033564.876058 1305033564.869046
1305033564.908057 1305033564.904961
1305033564.943990 1305033564.941496
1305033564.976037 1305033564.973546
1305033565.007938 1305033565.007707
1305033565.043917 1305033565.041356
1305033565.075900 1305033565.073506
1305033565.107859 1305033565.106772
1305033565.143987 1305033565.137751
1305033565.175900 1305033565.170156
1305033565.207978 1305033565.206695
1305033565.244953 1305033565.238703
1305033565.276356 1305033565.272617
1305033565.307938 1305033565.309549
1305033565.344987 1305033565.338281
1305033565.376574 1305033565.370376
1305033565.407876 1305033565.406374
1305033565.444289 1305033565.438541
1305033565.476053 1305033565.471985
1305033565.507905 1305033565.506887
1305033565.544077 1305033565.539689
1305033565.575975 1305033565.573247
1305033565.608072 1305033565.605615
1305033565.644233 1305033565.637259
1305033565.676064 1305033565.672645
1305033565.709168 1305033565.709177
1305033565.744012 1305033565.741176
1305033565.776028 1305033565.772642
1305033565.808428 1305033565.808444
1305033565.844025 1305033565.841243
1305033565.875917 1305033565.873353
1305033565.907964 1305033565.907730
1305033565.944075 1305033565.940786
1305033565.975828 1305033565.975108
1305033566.007890 1305033566.006855
1305033566.043973 1305033566.041284
1305033566.075880 1305033566.075495
1305033566.107858 1305033566.107415
1305033566.143991 1305033566.139300
1305033566.177030 1305033566.177038
1305033566.208030 1305033566.206453
1305033566.244046 1305033566.241040
1305033566.276005 1305033566.276038
1305033566.307956 1305033566.307172
1305033566.344211 1305033566.339771
1305033566.375967 1305033566.374952
1305033566.408257 1305033566.408298
1305033566.443910 1305033566.436963
1305033566.476031 1305033566.472940
1305033566.508093 1305033566.504879
1305033566.544036 1305033566.538304
1305033566.576146 1305033566.573823
1305033566.608193 1305033566.605653
1305033566.644800 1305033566.639221
1305033566.675986 1305033566.672978
1305033566.707980 1305033566.705108
1305033566.743879 1305033566.740352
1305033566.775928 1305033566.773388
1305033566.816360 1305033566.806213
1305033566.844889 1305033566.837853
1305033566.876228 1305033566.873011
1305033566.907957 1305033566.905668
1305033566.944007 1305033566.939215
1305033566.975857 1305033566.975048
1305033567.007985 1305033567.005496
1305033567.043993 1305033567.039874
1305033567.076392 1305033567.076413
1305033567.108916 1305033567.108932
1305033567.143957 1305033567.140862
1305033567.177099 1305033567.177119
1305033567.208105 1305033567.205247
1305033567.244018 1305033567.241291
1305033567.275924 1305033567.275125
1305033567.308112 1305033567.304888
1305033567.343978 1305033567.341130
1305033567.375907 1305033567.373209
1305033567.408015 1305033567.405173
1305033567.443932 1305033567.441194
1305033567.476034 1305033567.473031
1305033567.507956 1305033567.505132
1305033567.544077 1305033567.541172
1305033567.576039 1305033567.573100
1305033567.608081 1305033567.605004
1305033567.643848 1305033567.641180
1305033567.676067 1305033567.673093
1305033567.708106 1305033567.705006
1305033567.743852 1305033567.741273
1305033567.776100 1305033567.773082
1305033567.807986 1305033567.805453
1305033567.843855 1305033567.843409
1305033567.876013 1305033567.872971
1305033567.907933 1305033567.904912
1305033567.944056 1305033567.943039
1305033567.975900 1305033567.975176
1305033568.007973 1305033568.005812
1305033568.044690 1305033568.044696
1305033568.076513 1305033568.076522
1305033568.107876 1305033568.107380
1305033568.144795 1305033568.144816
1305033568.175928 1305033568.174557
1305033568.208754 1305033568.208773
1305033568.244908 1305033568.244925
1305033568.276767 1305033568.276797
1305033568.308997 1305033568.309104
1305033568.344489 1305033568.344501
1305033568.376267 1305033568.376344
1305033568.408097 1305033568.408119
1305033568.443929 1305033568.443133
1305033568.477600 1305033568.475416
1305033568.510550 1305033568.510568
1305033568.544550 1305033568.544555
1305033568.577212 1305033568.577252
1305033568.612362 1305033568.612382
1305033568.645039 1305033568.645104
1305033568.712397 1305033568.712434
1305033568.844116 1305033568.843449
1305033568.875957 1305033568.875396
1305033568.912608 1305033568.912623
1305033568.945160 1305033568.945198
1305033568.976138 1305033568.974443
1305033569.010126 1305033569.010141
1305033569.044016 1305033569.041881
1305033569.910415 1305033569.910429
1305033569.944825 1305033569.944835
1305033569.981683 1305033569.981702
1305033570.011030 1305033570.011039
1305033570.045352 1305033570.045364
1305033570.081550 1305033570.081566
1305033570.109751 1305033570.109757
1305033570.145930 1305033570.145980
1305033570.181417 1305033570.181425
1305033570.210844 1305033570.210848
1305033570.244500 1305033570.244157
1305033570.281942 1305033570.281956
1305033570.312553 1305033570.312589
1305033570.344476 1305033570.343943
1305033570.380955 1305033570.380973
1305033570.413394 1305033570.413407
1305033570.444548 1305033570.444553
1305033570.481286 1305033570.481292
1305033570.513265 1305033570.513272
1305033570.545143 1305033570.545195
1305033570.580146 1305033570.580155
1305033570.615301 1305033570.610678
1305033570.644853 1305033570.642819
1305033570.678624 1305033570.678636
1305033570.712814 1305033570.710650
1305033570.744521 1305033570.743468
1305033570.777858 1305033570.777871
1305033570.812774 1305033570.810331
1305033570.844872 1305033570.844878
1305033570.881245 1305033570.881256
1305033570.912861 1305033570.910705
1305033570.949082 1305033570.949100
1305033570.980633 1305033570.980688
1305033571.012823 1305033571.009963
1305033571.046470 1305033571.046538
1305033571.077804 1305033571.077827
1305033571.112750 1305033571.109968
1305033571.147699 1305033571.147863
1305033571.177871 1305033571.177891
1305033571.212793 1305033571.209980
1305033571.246885 1305033571.246912
1305033571.277798 1305033571.277807
1305033571.312823 1305033571.310040
1305033571.345834 1305033571.345869
1305033571.377888 1305033571.377897
1305033571.412844 1305033571.410426
1305033571.446208 1305033571.446214
1305033571.479710 1305033571.479716
1305033571.513549 1305033571.509941
1305033571.546864 1305033571.546871
1305033571.577893 1305033571.577926
1305033571.612861 1305033571.610137
1305033571.646122 1305033571.646126
1305033571.678644 1305033571.678650
1305033571.712930 1305033571.712948
1305033571.747705 1305033571.747712
1305033571.780914 1305033571.780930
1305033571.812886 1305033571.811565
1305033571.848721 1305033571.848730
1305033571.878867 1305033571.878740
1305033571.914169 1305033571.910885
1305033571.947545 1305033571.947553
1305033571.978987 1305033571.978993
1305033572.013000 1305033572.010917
1305033572.050296 1305033572.050317
1305033572.078119 1305033572.078126
1305033572.112772 1305033572.111825
1305033572.148148 1305033572.148162
1305033572.182204 1305033572.182214
1305033572.217214 1305033572.217224
1305033572.250147 1305033572.250165
1305033572.278115 1305033572.278142
1305033572.317979 1305033572.317992
1305033572.350195 1305033572.350211
1305033572.378518 1305033572.378538
1305033572.418248 1305033572.418398
1305033572.450332 1305033572.450368
1305033572.482121 1305033572.482144
1305033572.517832 1305033572.517856
1305033572.550497 1305033572.550526
1305033572.582154 1305033572.582170
1305033572.616679 1305033572.616706
1305033572.650227 1305033572.650259
1305033572.680315 1305033572.680326
1305033572.718259 1305033572.718278
1305033572.750166 1305033572.750185
1305033572.780967 1305033572.780974
1305033572.816626 1305033572.816658
1305033572.847583 1305033572.847397
1305033572.879279 1305033572.879289
1305033572.915303 1305033572.915310
1305033572.951889 1305033572.951900
1305033572.978189 1305033572.978192
1305033573.015418 1305033573.015430
1305033573.047134 1305033573.047142
1305033573.080129 1305033573.080148
1305033573.115331 1305033573.115408
1305033573.146194 1305033573.146224
1305033573.177561 1305033573.177570
1305033573.215744 1305033573.215752
1305033573.245663 1305033573.245670
1305033573.277720 1305033573.277747
1305033573.314326 1305033573.314332
1305033573.346701 1305033573.346713
1305033573.379447 1305033573.379492
1305033573.413474 1305033573.413481
1305033573.445596 1305033573.445606
1305033573.476822 1305033573.482380
1305033573.515495 1305033573.515500
1305033573.546940 1305033573.546983
1305033573.576906 1305033573.581525
1305033573.612730 1305033573.612739
1305033573.644868 1305033573.644895
1305033573.676915 1305033573.681989
1305033573.712811 1305033573.712824
1305033573.746552 1305033573.746588
1305033573.777048 1305033573.781788
1305033573.812929 1305033573.812935
1305033573.847555 1305033573.847565
1305033573.876901 1305033573.883035
1305033573.915599 1305033573.915613
1305033573.945653 1305033573.945697
1305033573.977056 1305033573.982087
1305033574.013914 1305033574.013687